5.000000000000000888e+00 1.448696018655319372e-23
5.034693157380139006e+00 1.401476201030886981e-23
5.069627037794075974e+00 1.356607546882923490e-23
5.104803311530234922e+00 1.313921310368833445e-23
5.140223660466546995e+00 1.273262830210021625e-23
5.175889778150882137e+00 1.234490368463005329e-23
5.211803369882009207e+00 1.197474037022346172e-23
5.247966152791137873e+00 1.162094800267748374e-23
5.284379855924021818e+00 1.128243557043746023e-23
5.321046220323622400e+00 1.095820291111333095e-23
5.357966999113356721e+00 1.064733286947113394e-23
5.395143957580921246e+00 1.034898411290402122e-23
5.432578873262690955e+00 1.006238451302227800e-23
5.470273536028714467e+00 9.786825058757324405e-24
5.508229748168283813e+00 9.521654298092925042e-24
5.546449324476114384e+00 9.266273231723928262e-24
5.584934092339116418e+00 9.020130684883765640e-24
5.623685891823758887e+00 8.782718997645720676e-24
5.662706575764059558e+00 8.553570179201950541e-24
5.701998009850164806e+00 8.332252364219949942e-24
5.741562072717556475e+00 8.118366572621119787e-24
5.781400656036880470e+00 7.911543776074057658e-24
5.821515664604382856e+00 7.711442238722803031e-24
5.861909016432995223e+00 7.517745075185510500e-24
5.902582642844026672e+00 7.328117420536525253e-24
5.943538488559517496e+00 7.142483504553001774e-24
5.984778511795218137e+00 6.962721668944597337e-24
6.026304684354212071e+00 6.788579724722625854e-24
6.068118991721204836e+00 6.619821642553725890e-24
6.110223433157442763e+00 6.456226222806130344e-24
6.152620021796308514e+00 6.297585839575177908e-24
6.195310784739581855e+00 6.143705352799697920e-24
6.238297763154347919e+00 5.994401074366696643e-24
6.281583012370603569e+00 5.849499856506067347e-24
6.325168601979518357e+00 5.708838248514779856e-24
6.369056615932393584e+00 5.572261738763343929e-24
6.413249152640303485e+00 5.439624043701398389e-24
6.457748325074419427e+00 5.310786502721175209e-24
6.502556260867045523e+00 5.185617484388098300e-24
6.547675102413337278e+00 5.063991868518447881e-24
6.593107006973743189e+00 4.945790582332862410e-24
6.638854146777149801e+00 4.830900137892484854e-24
6.684918709124731961e+00 4.717529119833470098e-24
6.731302896494550936e+00 4.607282355896446060e-24
6.778008926646843513e+00 4.500103372337588939e-24
6.825039032730071398e+00 4.395895976252987979e-24
6.872395463387687364e+00 4.294567926015095690e-24
6.920080482865659022e+00 4.196030680462801156e-24
6.968096371120712895e+00 4.100199190850082450e-24
7.016445423929364544e+00 4.006991680480425597e-24
7.065129952997670770e+00 3.916329448010188914e-24
7.114152286071764308e+00 3.828136707373756220e-24
7.163514767049155907e+00 3.742340420633772316e-24
7.213219756090789581e+00 3.658870141074772897e-24
7.263269629733905219e+00 3.577657902814218937e-24
7.313666781005652595e+00 3.498638069802683756e-24
7.364413619537513611e+00 3.421747235466205024e-24
7.415512571680523024e+00 3.346924110316877550e-24
7.466966080621261881e+00 3.274109425062234041e-24
7.518776606498691173e+00 3.203245842851563811e-24
7.570946626521762646e+00 3.134277864616436176e-24
7.623478635087869826e+00 3.067151761814208202e-24
7.676375143902114395e+00 3.001815502827116505e-24
7.729638682097387914e+00 2.938218666093739901e-24
7.783271796355308858e+00 2.876312400580199776e-24
7.837277051027977670e+00 2.816049351782190829e-24
7.891657028260587126e+00 2.757383602310715264e-24
7.946414328114890679e+00 2.700270629437820444e-24
8.001551568693503924e+00 2.644667248494435524e-24
8.057071386265098667e+00 2.590531564023340668e-24
8.112976435390438112e+00 2.537822930293594761e-24
8.169269389049306440e+00 2.486501901918640736e-24
8.225952938768314127e+00 2.436530199701397021e-24
8.283029794749570129e+00 2.387870668258509775e-24
8.340502686000293764e+00 2.340487235831470565e-24
8.398374360463268573e+00 2.294344889643561614e-24
8.456647585148241220e+00 2.249409631767822859e-24
8.515325146264222766e+00 2.205648450204516344e-24
8.574409849352699453e+00 2.163029289649589511e-24
8.633904519421777835e+00 2.121521018765731656e-24
8.693812001081255403e+00 2.081093403775965248e-24
8.754135158678622020e+00 2.041717078794851760e-24
8.814876876436029463e+00 2.003363519698590856e-24
8.876040058588174020e+00 1.966005022940990366e-24
8.937627629521175621e+00 1.929614668942047842e-24
8.999642533912386000e+00 1.894166309805443354e-24
9.062087736871186294e+00 1.859634541842643258e-24
9.124966224080763411e+00 1.825994681053402027e-24
9.188281001940856285e+00 1.793222744057040195e-24
9.252035097711509337e+00 1.761295424590628575e-24
9.316231559657802919e+00 1.730190076048268645e-24
9.380873457195605170e+00 1.699884688765539959e-24
9.445963881038332843e+00 1.670357872879930728e-24
9.511505943344722880e+00 1.641588836832308882e-24
9.577502777867637818e+00 1.613557370909095659e-24
9.643957540103892612e+00 1.586243832952088434e-24
9.710873407445131278e+00 1.559629125377310140e-24
9.778253579329746259e+00 1.533694682218042709e-24
9.846101277395861828e+00 1.508422454248316618e-24
9.914419745635354886e+00 1.483794887764945638e-24
9.983212250548969990e+00 1.459794918698047772e-24
1.005248208130249488e+01 1.437016952126406078e-24
1.012223254988401777e+01 1.414988070583286919e-24
1.019246699126231981e+01 1.393492386175542228e-24
1.026318876354625864e+01 1.372516453017070959e-24
1.033440124814541505e+01 1.352047184632068896e-24
1.040610784993169524e+01 1.332071840217814854e-24
1.047831199740216412e+01 1.312578018551080065e-24
1.055101714284298176e+01 1.293553645292357380e-24
1.062422676249441267e+01 1.274986962793911801e-24
1.069794435671711241e+01 1.256866520684582992e-24
1.077217345015942129e+01 1.239181169788724513e-24
1.084691759192592109e+01 1.221920049569445150e-24
1.092218035574714108e+01 1.205072579817217328e-24
1.099796534015037253e+01 1.188628454311537555e-24
1.107427616863180120e+01 1.172577632725575086e-24
1.115111648982969150e+01 1.156910329353397287e-24
1.122848997769887447e+01 1.141617011024480465e-24
1.130640033168639569e+01 1.126688384403338669e-24
1.138485127690839782e+01 1.112115392322314674e-24
1.146384656432824833e+01 1.097889206518482693e-24
1.154338997093584673e+01 1.084001219562212107e-24
1.162348529992824453e+01 1.070443040623708865e-24
1.170413638089146957e+01 1.057206486418014261e-24
1.178534706998363824e+01 1.044283578659343343e-24
1.186712125011933594e+01 1.031666535452870723e-24
1.194946283115524999e+01 1.019347767870728410e-24
1.203237575007712579e+01 1.007319872473291260e-24
1.211586397118800207e+01 9.955756288180917598e-25
1.219993148629774993e+01 9.841079917296663140e-25
1.228458231491395480e+01 9.729100876726989396e-25
1.236982050443406855e+01 9.619752114304968551e-25
1.245565013033894708e+01 9.512968189628120687e-25
1.254207529638770424e+01 9.408685254191084380e-25
1.262910013481392113e+01 9.306840992649234964e-25
1.271672880652324622e+01 9.207374595790970879e-25
1.280496550129229583e+01 9.110226706625063007e-25
1.289381443796900939e+01 9.015339403678027888e-25
1.298327986467436013e+01 8.922656144886241357e-25
1.307336605900545834e+01 8.832121743970085338e-25
1.316407732824010424e+01 8.743682327986749486e-25
1.325541800954269256e+01 8.657285315597094704e-25
1.334739247017160935e+01 8.572879379904057786e-25
1.344000510768803558e+01 8.490414408720301349e-25
1.353326035016620388e+01 8.409841497752339429e-25
1.362716265640514379e+01 8.331112894237778229e-25
1.372171651614182508e+01 8.254181995460337977e-25
1.381692645026585531e+01 8.179003301533174413e-25
1.391279701103562694e+01 8.105532406412374165e-25
1.400933278229597434e+01 8.033725952605486183e-25
1.410653837969735847e+01 7.963541631346532643e-25
1.420441845091651878e+01 7.894938137262851663e-25
1.430297767587871505e+01 7.827875157763020822e-25
1.440222076698148790e+01 7.762313345738025841e-25
1.450215246931995594e+01 7.698214304074308019e-25
1.460277756091373114e+01 7.635540558400438308e-25
1.470410085293531743e+01 7.574255536861331933e-25
1.480612718994017740e+01 7.514323553362717928e-25
1.490886145009836561e+01 7.455709785923873435e-25
1.501230854542774473e+01 7.398380260277813444e-25
1.511647342202888744e+01 7.342301828261070612e-25
1.522136106032151126e+01 7.287442156537163258e-25
1.532697647528264007e+01 7.233769696723002539e-25
1.543332471668636963e+01 7.181253680588441680e-25
1.554041086934531712e+01 7.129864096910778434e-25
1.564824005335375823e+01 7.079571677633958373e-25
1.575681742433239485e+01 7.030347879201372873e-25
1.586614817367488683e+01 6.982164869877097343e-25
1.597623752879606585e+01 6.934995513846690045e-25
1.608709075338185457e+01 6.888813351819384513e-25
1.619871314764099068e+01 6.843592594262586918e-25
1.631111004855834778e+01 6.799308099921480051e-25
1.642428683015022273e+01 6.755935365032309713e-25
1.653824890372121104e+01 6.713450509868651673e-25
1.665300171812294039e+01 6.671830260687949016e-25
1.676855076001465861e+01 6.631051942695772546e-25
1.688490155412545590e+01 6.591093462331355100e-25
1.700205966351853704e+01 6.551933296302176161e-25
1.712003068985712417e+01 6.513550476663769310e-25
1.723882027367231728e+01 6.475924582575492695e-25
1.735843409463281262e+01 6.439035723440004887e-25
1.747887787181637265e+01 6.402864529931099458e-25
1.760015736398340280e+01 6.367392141507540615e-25
1.772227836985217664e+01 6.332600192639809673e-25
1.784524672837614645e+01 6.298470804016495379e-25
1.796906831902314394e+01 6.264986571209123112e-25
1.809374906205639988e+01 6.232130551973125946e-25
1.821929491881772734e+01 6.199886256319093141e-25
1.834571189201246710e+01 6.168237636525942792e-25
1.847300602599650787e+01 6.137169074745597469e-25
1.860118340706534568e+01 6.106665375430648887e-25
1.873025016374496232e+01 6.076711751571367914e-25
1.886021246708499532e+01 6.047293819577359716e-25
1.899107653095367709e+01 6.018397585615993212e-25
1.912284861233499456e+01 5.990009436782565970e-25
1.925553501162785963e+01 5.962116133700957571e-25
1.938914207294728342e+01 5.934704798567833608e-25
1.952367618442780639e+01 5.907762907925420804e-25
1.965914377852884698e+01 5.881278284335850623e-25
1.979555133234229203e+01 5.855239085311833867e-25
1.993290536790221168e+01 5.829633797081991999e-25
2.007121245249660646e+01 5.804451224829712768e-25
2.021047919898153822e+01 5.779680485742870883e-25
2.035071226609719020e+01 5.755310999258738349e-25
2.049191835878630386e+01 5.731332481588473007e-25
2.063410422851477577e+01 5.707734935462257347e-25
2.077727667359437191e+01 5.684508644707474992e-25
2.092144253950791111e+01 5.661644165622701733e-25
2.106660871923644152e+01 5.639132320355755544e-25
2.121278215358888275e+01 5.616964189918061511e-25
2.135996983153390261e+01 5.595131106297358408e-25
2.150817879053397164e+01 5.573624646893170169e-25
2.165741611688200052e+01 5.552436627830569226e-25
2.180768894604002384e+01 5.531559096126467263e-25
2.195900446298042752e+01 5.510984325846750608e-25
2.211136990252950341e+01 5.490704809531148131e-25
2.226479254971327393e+01 5.470713253238876122e-25
2.241927974010593871e+01 5.451002570925698712e-25
2.257483886018050612e+01 5.431565878757011105e-25
2.273147734766199335e+01 5.412396488007509313e-25
2.288920269188310286e+01 5.393487901990522487e-25
2.304802243414216534e+01 5.374833809015254329e-25
2.320794416806389648e+01 5.356428077398008024e-25
2.336897553996231380e+01 5.338264751382929728e-25
2.353112424920640322e+01 5.320338044800846530e-25
2.369439804858827614e+01 5.302642337651141026e-25
2.385880474469372459e+01 5.285172169900534642e-25
2.402435219827565405e+01 5.267922238565684228e-25
2.419104832462978294e+01 5.250887391637922353e-25
2.435890109397316294e+01 5.234062625117318843e-25
2.452791853182525017e+01 5.217443078201284131e-25
2.469810871939160180e+01 5.201024028688328497e-25
2.486947979395032249e+01 5.184800889804295274e-25
2.504203994924105814e+01 5.168769205884513876e-25
2.521579743585680333e+01 5.152924648616236601e-25
2.539076056163837691e+01 5.137263013277919040e-25
2.556693769207162603e+01 5.121780215299626262e-25
2.574433725068747236e+01 5.106472286661430161e-25
2.592296771946456246e+01 5.091335372724543012e-25
2.610283763923488465e+01 5.076365728365250629e-25
2.628395561009211789e+01 5.061559715411508160e-25
2.646633029180280161e+01 5.046913799011953754e-25
2.664997040422045060e+01 5.032424545140921795e-25
2.683488472770237721e+01 5.018088616733172282e-25
2.702108210352958650e+01 5.003902771861826826e-25
2.720857143432946046e+01 4.989863860315455837e-25
2.739736168450142983e+01 4.975968821076453958e-25
2.758746188064564109e+01 4.962214679512082438e-25
2.777888111199438370e+01 4.948598545141320986e-25
2.797162853084689971e+01 4.935117608764887290e-25
2.816571335300678314e+01 4.921769140341031484e-25
2.836114485822271192e+01 4.908550486433155876e-25
2.855793239063217115e+01 4.895459068317707096e-25
2.875608535920806474e+01 4.882492379150842577e-25
2.895561323820880162e+01 4.869647982269112043e-25
2.915652556763112102e+01 4.856923509065348398e-25
2.935883195366627163e+01 4.844316656859197264e-25
2.956254206915940230e+01 4.831825186946868080e-25
2.976766565407184473e+01 4.819446922696444785e-25
2.997421251594705538e+01 4.807179747756436105e-25
3.018219253037934635e+01 4.795021604171829122e-25
3.039161564148614758e+01 4.782970490692528108e-25
3.060249186238350916e+01 4.771024461199246367e-25
3.081483127566470870e+01 4.759181622661509079e-25
3.102864403388251446e+01 4.747440134120814873e-25
3.124394036003446828e+01 4.735798204660657182e-25
3.146073054805171409e+01 4.724254092182318508e-25
3.167902496329126549e+01 4.712806101870600503e-25
3.189883404303140679e+01 4.701452584588079399e-25
3.212016829697096654e+01 4.690191936015211688e-25
3.234303830773163213e+01 4.679022594768113281e-25
3.256745473136400904e+01 4.667943041434333635e-25
3.279342829785717583e+01 4.656951797202488315e-25
3.302096981165151846e+01 4.646047422810774707e-25
3.325009015215560737e+01 4.635228517041757930e-25
3.348080027426610883e+01 4.624493715980962669e-25
3.371311120889170354e+01 4.613841691654449512e-25
3.394703406348055807e+01 4.603271151057825391e-25
3.418258002255118555e+01 4.592780835052208266e-25
3.441976034822749142e+01 4.582369517451764331e-25
3.465858638077703091e+01 4.572036003974884200e-25
3.489906953915329524e+01 4.561779131318310287e-25
3.514122132154175659e+01 4.551597766234163444e-25
3.538505330590944453e+01 4.541490804700267105e-25
3.563057715055874297e+01 4.531457170956199676e-25
3.587780459468464045e+01 4.521495816739889013e-25
3.612674745893606598e+01 4.511605720489719000e-25
3.637741764598116134e+01 4.501785886477813687e-25
3.662982714107614868e+01 4.492035344136455149e-25
3.688398801263866744e+01 4.482353147279561843e-25
3.713991241282458589e+01 4.472738373373697522e-25
3.739761257810909711e+01 4.463190122911964372e-25
3.765710082987187235e+01 4.453707518636112277e-25
3.791838957498595164e+01 4.444289704988768557e-25
3.818149130641122468e+01 4.434935847432023175e-25
3.844641860379156384e+01 4.425645131797444648e-25
3.871318413405634118e+01 4.416416763805695911e-25
3.898180065202618039e+01 4.407249968363599720e-25
3.925228100102253848e+01 4.398143989099241650e-25
3.952463811348211919e+01 4.389098087785616956e-25
3.979888501157492442e+01 4.380111543801276107e-25
4.007503480782702354e+01 4.371183653656343428e-25
4.035310070574752928e+01 4.362313730478497293e-25
4.063309600045972303e+01 4.353501103552759499e-25
4.091503407933696224e+01 4.344745117842176421e-25
4.119892842264259514e+01 4.336045133542373695e-25
4.148479260417452963e+01 4.327400525662553093e-25
4.177264029191434958e+01 4.318810683579148133e-25
4.206248524868058780e+01 4.310275010668849439e-25
4.235434133278702973e+01 4.301792923854265150e-25
4.264822249870512394e+01 4.293363853277701958e-25
4.294414279773126708e+01 4.284987241897566464e-25
4.324211637865862912e+01 4.276662545125354158e-25
4.354215748845361134e+01 4.268389230503700802e-25
4.384428047293715025e+01 4.260166777337689544e-25
4.414849977747045529e+01 4.251994676384633368e-25
4.445482994764580553e+01 4.243872429534386549e-25
4.476328562998200056e+01 4.235799549491992398e-25
4.507388157262457895e+01 4.227775559492605686e-25
4.538663262605113857e+01 4.219799992990599176e-25
4.570155374378115454e+01 4.211872393408851804e-25
4.601865998309111916e+01 4.203992313835122162e-25
4.633796650573440701e+01 4.196159316788632051e-25
4.665948857866618482e+01 4.188372973927871652e-25
4.698324157477347285e+01 4.180632865842600384e-25
4.730924097361000236e+01 4.172938581786451335e-25
4.763750236213646616e+01 4.165289719445945697e-25
4.796804143546572874e+01 4.157685884735695942e-25
4.830087399761322331e+01 4.150126691550216715e-25
4.863601596225270640e+01 4.142611761568501656e-25
4.897348335347697201e+01 4.135140724049992938e-25
4.931329230656412221e+01 4.127713215630200908e-25
4.965545906874899629e+01 4.120328880121225455e-25
4.999999999999999289e+01 4.112987368340301431e-25
5.034693157380139894e+01 4.105688337907556226e-25
5.069627037794075619e+01 4.098431453091679301e-25
5.104803311530231724e+01 4.091216384620057348e-25
5.140223660466548239e+01 4.084042809526890317e-25
5.175889778150880716e+01 4.076910410988613947e-25
5.211803369882010628e+01 4.069818878158364441e-25
5.247966152791137517e+01 4.062767906033682090e-25
5.284379855924019154e+01 4.055757195295512629e-25
5.321046220323622578e+01 4.048786452175076072e-25
5.357966999113354944e+01 4.041855388308366225e-25
5.395143957580922489e+01 4.034963720614772170e-25
5.432578873262691133e+01 4.028111171151472168e-25
5.470273536028711447e+01 4.021297467009162259e-25
5.508229748168283635e+01 4.014522340168455852e-25
5.546449324476112963e+01 4.007785527402717636e-25
5.584934092339118195e+01 4.001086770151392587e-25
5.623685891823758709e+01 3.994425814408268799e-25
5.662706575764056538e+01 3.987802410628961946e-25
5.701998009850164806e+01 3.981216313609870131e-25
5.741562072717555054e+01 3.974667282398766059e-25
5.781400656036881713e+01 3.968155080193354172e-25
5.821515664604383034e+01 3.961679474247508901e-25
5.861909016432991848e+01 3.955240235779982380e-25
5.902582642844026850e+01 3.948837139885537529e-25
5.943538488559515542e+01 3.942469965449834000e-25
5.984778511795219202e+01 3.936138495063610661e-25
6.026304684354212071e+01 3.929842514946242186e-25
6.068118991721201638e+01 3.923581814865162135e-25
6.110223433157442230e+01 3.917356188060079838e-25
6.152620021796307270e+01 3.911165431168603294e-25
6.195310784739583454e+01 3.905009344158243700e-25
6.238297763154347564e+01 3.898887730257235323e-25
6.281583012370606411e+01 3.892800395885331018e-25
6.325168601979518002e+01 3.886747150590657062e-25
6.369056615932391452e+01 3.880727806988189799e-25
6.413249152640305795e+01 3.874742180699131357e-25
6.457748325074419427e+01 3.868790090290471330e-25
6.502556260867048366e+01 3.862871357221251531e-25
6.547675102413337811e+01 3.856985805785917271e-25
6.593107006973741591e+01 3.851133263059840537e-25
6.638854146777151755e+01 3.845313558853311791e-25
6.684918709124731606e+01 3.839526525654715376e-25
6.731302896494554489e+01 3.833771998588837120e-25
6.778008926646843690e+01 3.828049815365573752e-25
6.825039032730067845e+01 3.822359816239022485e-25
6.872395463387690029e+01 3.816701843961319904e-25
6.920080482865657245e+01 3.811075743741730630e-25
6.968096371120716981e+01 3.805481363205211141e-25
7.016445423929364722e+01 3.799918552354328352e-25
7.065129952997666862e+01 3.794387163531818740e-25
7.114152286071765730e+01 3.788887051381195964e-25
7.163514767049153420e+01 3.783418072815232470e-25
7.213219756090792600e+01 3.777980086979020035e-25
7.263269629733905219e+01 3.772572955218676364e-25
7.313666781005647977e+01 3.767196541048259516e-25
7.364413619537515387e+01 3.761850710121421043e-25
7.415512571680521603e+01 3.756535330198985760e-25
7.466966080621266144e+01 3.751250271122959088e-25
7.518776606498691706e+01 3.745995404788026829e-25
7.570946626521758560e+01 3.740770605115742956e-25
7.623478635087872135e+01 3.735575748028019006e-25
7.676375143902112086e+01 3.730410711425063818e-25
7.729638682097392177e+01 3.725275375159432193e-25
7.783271796355309391e+01 3.720169621015064366e-25
7.837277051027973584e+01 3.715093332685321250e-25
7.891657028260588902e+01 3.710046395751991757e-25
7.946414328114889258e+01 3.705028697664987055e-25
8.001551568693507477e+01 3.700040127725179726e-25
8.057071386265099022e+01 3.695080577063889096e-25
8.112976435390434915e+01 3.690149938626662623e-25
8.169269389049308927e+01 3.685248107156519138e-25
8.225952938768311640e+01 3.680374979177850537e-25
8.283029794749575103e+01 3.675530452981067809e-25
8.340502686000294830e+01 3.670714428608770148e-25
8.398374360463265020e+01 3.665926807841002602e-25
8.456647585148242285e+01 3.661167494183540159e-25
8.515325146264220280e+01 3.656436392854528896e-25
8.574409849352703361e+01 3.651733410773092412e-25
8.633904519421778900e+01 3.647058456548029167e-25
8.693812001081251140e+01 3.642411440467941552e-25
8.754135158678624862e+01 3.637792274491024235e-25
8.814876876436026976e+01 3.633200872235980254e-25
8.876040058588178283e+01 3.628637148973573992e-25
8.937627629521176686e+01 3.624101021618110674e-25
8.999642533912381737e+01 3.619592408720870592e-25
9.062087736871187360e+01 3.615111230462669970e-25
9.124966224080760924e+01 3.610657408647493087e-25
9.188281001940860904e+01 3.606230866697076746e-25
9.252035097711508627e+01 3.601831529645807426e-25
9.316231559657798300e+01 3.597459324135532122e-25
9.380873457195606591e+01 3.593114178411802731e-25
9.445963881038331067e+01 3.588796022320060289e-25
9.511505943344727143e+01 3.584504787302727454e-25
9.577502777867637462e+01 3.580240406396245901e-25
9.643957540103887993e+01 3.576002814229386083e-25
9.710873407445130567e+01 3.571791947021181392e-25
9.778253579329744127e+01 3.567607742579877566e-25
9.846101277395865736e+01 3.563450140302474885e-25
9.914419745635355241e+01 3.559319081174764903e-25
9.983212250548965017e+01 3.555214507770706432e-25
1.005248208130249452e+02 3.551136364254019343e-25
1.012223254988401777e+02 3.547084596379127715e-25
1.019246699126232016e+02 3.543059151493118234e-25
1.026318876354625900e+02 3.539059978537433170e-25
1.033440124814540866e+02 3.535087028051013457e-25
1.040610784993169489e+02 3.531140252173191045e-25
1.047831199740216306e+02 3.527219604647166254e-25
1.055101714284298140e+02 3.523325040824554091e-25
1.062422676249441338e+02 3.519456517669238122e-25
1.069794435671710602e+02 3.515613993763425653e-25
1.077217345015942129e+02 3.511797429312258783e-25
1.084691759192592002e+02 3.508006786150336565e-25
1.092218035574714037e+02 3.504242027748384558e-25
1.099796534015037253e+02 3.500503119220106214e-25
1.107427616863179480e+02 3.496790027330242820e-25
1.115111648982969115e+02 3.493102720502152682e-25
1.122848997769886807e+02 3.489441168827501148e-25
1.130640033168639604e+02 3.485805344074999213e-25
1.138485127690839818e+02 3.482195219700796543e-25
1.146384656432825437e+02 3.478610770858923172e-25
1.154338997093584709e+02 3.475051974413288725e-25
1.162348529992823813e+02 3.471518808948968545e-25
1.170413638089146957e+02 3.468011254786099318e-25
1.178534706998363788e+02 3.464529293992936708e-25
1.186712125011934233e+02 3.461072910400915455e-25
1.194946283115525034e+02 3.457642089619859630e-25
1.203237575007711939e+02 3.454236819055455720e-25
1.211586397118800136e+02 3.450857087925926735e-25
1.219993148629774993e+02 3.447502887282257140e-25
1.228458231491396191e+02 3.444174210027562801e-25
1.236982050443406962e+02 3.440871050939525474e-25
1.245565013033894104e+02 3.437593406693646935e-25
1.254207529638770353e+02 3.434341275888679142e-25
1.262910013481392184e+02 3.431114659073826372e-25
1.271672880652325262e+02 3.427913558778487523e-25
1.280496550129229547e+02 3.424737979544460985e-25
1.289381443796900157e+02 3.421587927960597846e-25
1.298327986467436119e+02 3.418463412701750246e-25
1.307336605900545976e+02 3.415364444570368723e-25
1.316407732824011134e+02 3.412291036542700977e-25
1.325541800954269434e+02 3.409243203820383675e-25
1.334739247017160153e+02 3.406220963886946078e-25
1.344000510768803451e+02 3.403224336571458466e-25
1.353326035016620494e+02 3.400253344118768844e-25
1.362716265640515019e+02 3.397308011270177214e-25
1.372171651614182508e+02 3.394388365352546767e-25
1.381692645026584785e+02 3.391494436381356630e-25
1.391279701103562729e+02 3.388626257176732338e-25
1.400933278229597363e+02 3.385783863497480663e-25
1.410653837969736628e+02 3.382967294194957227e-25
1.420441845091651771e+02 3.380176591391269159e-25
1.430297767587870794e+02 3.377411800687302687e-25
1.440222076698148612e+02 3.374672971405217987e-25
1.450215246931995523e+02 3.371960156874862972e-25
1.460277756091373931e+02 3.369273414772352855e-25
1.470410085293531779e+02 3.366612807522832171e-25
1.480612718994017030e+02 3.363978402784249015e-25
1.490886145009836525e+02 3.361370274028794956e-25
1.501230854542774296e+02 3.358788501249583772e-25
1.511647342202889490e+02 3.356233171823636035e-25
1.522136106032151304e+02 3.353704381573021741e-25
1.532697647528263190e+02 3.351202236080654502e-25
1.543332471668637140e+02 3.348726852333073368e-25
1.554041086934531677e+02 3.346278360789226103e-25
1.564824005335376569e+02 3.343856908008736341e-25
1.575681742433239378e+02 3.341462660021251052e-25
1.586614817367487831e+02 3.339095806689505017e-25
1.597623752879606513e+02 3.336756567419023364e-25
1.608709075338185528e+02 3.334445198716042395e-25
1.619871314764099282e+02 3.332162004317281185e-25
1.631111004855834778e+02 3.329907348948606126e-25
1.642428683015021704e+02 3.327681677291431164e-25
1.653824890372121104e+02 3.325485540548550787e-25
1.665300171812293968e+02 3.323319634324004678e-25
1.676855076001465932e+02 3.321184853706264525e-25
1.688490155412545448e+02 3.319082375145761215e-25
1.700205966351852851e+02 3.317013781202218046e-25
1.712003068985712559e+02 3.314981255989219515e-25
1.723882027367231728e+02 3.312987901316978379e-25
1.735843409463281262e+02 3.311038267256107533e-25
1.747887787181637407e+02 3.309139281691342693e-25
1.760015736398339357e+02 3.307301964027242154e-25
1.772227836985217664e+02 3.305544784449370561e-25
1.784524672837614503e+02 3.303900764984334050e-25
1.796906831902314536e+02 3.302433991382568482e-25
1.809374906205640059e+02 3.301283108235406715e-25
1.821929491881772094e+02 3.300797337149686970e-25
1.834571189201246852e+02 3.302085245101821374e-25
1.847300602599650858e+02 3.310429891185542752e-25
1.860118340706534639e+02 3.394977767561845473e-25
1.873025016374496374e+02 3.642359211702302178e-25
1.886021246708498609e+02 3.311960905743220139e-25
1.899107653095367994e+02 3.294309366151486584e-25
1.912284861233499385e+02 3.288746567454792021e-25
1.925553501162786176e+02 3.285622538408188159e-25
1.938914207294728271e+02 3.283312831266303559e-25
1.952367618442779644e+02 3.281361618218358172e-25
1.965914377852884911e+02 3.279601310206918281e-25
1.979555133234229061e+02 3.277958818232169240e-25
1.993290536790221097e+02 3.276398261014249233e-25
2.007121245249660717e+02 3.274900427399872820e-25
2.021047919898154817e+02 3.273454332579321776e-25
2.035071226609719020e+02 3.272053368681608411e-25
2.049191835878630457e+02 3.270693401874160793e-25
2.063410422851477790e+02 3.269371768188327455e-25
2.077727667359437476e+02 3.268086714260488025e-25
2.092144253950791892e+02 3.266837071436766979e-25
2.106660871923644152e+02 3.265622058391839744e-25
2.121278215358888133e+02 3.264441157534691024e-25
2.135996983153390261e+02 3.263294035338502999e-25
2.150817879053397235e+02 3.262180489655697843e-25
2.165741611688201260e+02 3.261100414081182624e-25
2.180768894604002526e+02 3.260053773355096954e-25
2.195900446298042823e+02 3.259040586076627650e-25
2.211136990252950341e+02 3.258060912354791758e-25
2.226479254971327464e+02 3.257114844856772484e-25
2.241927974010595221e+02 3.256202502230439638e-25
2.257483886018050612e+02 3.255324024213588753e-25
2.273147734766199335e+02 3.254479567956503897e-25
2.288920269188310215e+02 3.253669305229006513e-25
2.304802243414216605e+02 3.252893420280206683e-25
2.320794416806390643e+02 3.252152108184842466e-25
2.336897553996231522e+02 3.251445573555860582e-25
2.353112424920640535e+02 3.250774029535765575e-25
2.369439804858827756e+02 3.250137697002018232e-25
2.385880474469372530e+02 3.249536803937647441e-25
2.402435219827566755e+02 3.248971584930445054e-25
2.419104832462978152e+02 3.248442280774472386e-25
2.435890109397315086e+02 3.247949138150083308e-25
2.452791853182525017e+02 3.247492409368729470e-25
2.469810871939160108e+02 3.247072352169128663e-25
2.486947979395033599e+02 3.246689229552823264e-25
2.504203994924105814e+02 3.246343309655066413e-25
2.521579743585679125e+02 3.246034865641360607e-25
2.539076056163837620e+02 3.245764175627192091e-25
2.556693769207162745e+02 3.245531522614980287e-25
2.574433725068748231e+02 3.245337194446999241e-25
2.592296771946456033e+02 3.245181483770500341e-25
2.610283763923487186e+02 3.245064688013307950e-25
2.628395561009211860e+02 3.244987109367756001e-25
2.646633029180280232e+02 3.244949054783240600e-25
2.664997040422045984e+02 3.244950835963309753e-25
2.683488472770237649e+02 3.244992769369341842e-25
2.702108210352957371e+02 3.245075176228591334e-25
2.720857143432946259e+02 3.245198382545478111e-25
2.739736168450143055e+02 3.245362719117229360e-25
2.758746188064563967e+02 3.245568521551800344e-25
2.777888111199438299e+02 3.245816130288823464e-25
2.797162853084688550e+02 3.246105890623243951e-25
2.816571335300678243e+02 3.246438152730368467e-25
2.836114485822271263e+02 3.246813271693821660e-25
2.855793239063216902e+02 3.247231607535574534e-25
2.875608535920806617e+02 3.247693525247291124e-25
2.895561323820878670e+02 3.248199394824573029e-25
2.915652556763112102e+02 3.248749591303050764e-25
2.935883195366627092e+02 3.249344494797678790e-25
2.956254206915940017e+02 3.249984490543763024e-25
2.976766565407184544e+02 3.250669968942449713e-25
2.997421251594703904e+02 3.251401325609567685e-25
3.018219253037934777e+02 3.252178961430252102e-25
3.039161564148614616e+02 3.253003282618272027e-25
3.060249186238351058e+02 3.253874700784578274e-25
3.081483127566470444e+02 3.254793633014505838e-25
3.102864403388250025e+02 3.255760501958601036e-25
3.124394036003446899e+02 3.256775735938736046e-25
3.146073054805171409e+02 3.257839769077580886e-25
3.167902496329126620e+02 3.258953041455532825e-25
3.189883404303140537e+02 3.260115999308780299e-25
3.212016829697095091e+02 3.261329095279002242e-25
3.234303830773163213e+02 3.262592788740154141e-25
3.256745473136401188e+02 3.263907546227779695e-25
3.279342829785717299e+02 3.265273842019872623e-25
3.302096981165151988e+02 3.266692158935254520e-25
3.325009015215558748e+02 3.268162989453813625e-25
3.348080027426610741e+02 3.269686837325676235e-25
3.371311120889170638e+02 3.271264219935314561e-25
3.394703406348055523e+02 3.272895671865207548e-25
3.418258002255118981e+02 3.274581750423259137e-25
3.441976034822747579e+02 3.276323044490759851e-25
3.465858638077702949e+02 3.278120189209849839e-25
3.489906953915329382e+02 3.279973891403308706e-25
3.514122132154175802e+02 3.281884975789219230e-25
3.538505330590944027e+02 3.283854474084073736e-25
3.563057715055872450e+02 3.285883809588586628e-25
3.587780459468463619e+02 3.287975215577476382e-25
3.612674745893606314e+02 3.290132800945709665e-25
3.637741764598115992e+02 3.292365729804483209e-25
3.662982714107614584e+02 3.294700161970371050e-25
3.688398801263868449e+02 3.297244550942247973e-25
3.713991241282458873e+02 3.300982307214313931e-25
3.739761257810910138e+02 3.426846692637010732e-25
3.765710082987187093e+02 3.305249174488006760e-25
3.791838957498594596e+02 3.307010983289140338e-25
3.818149130641124316e+02 3.309475938756402533e-25
3.844641860379156242e+02 3.312108570058178383e-25
3.871318413405634260e+02 3.314836500187481536e-25
3.898180065202618039e+02 3.317641681491960044e-25
3.925228100102253848e+02 3.320518230637293402e-25
3.952463811348213767e+02 3.323464032631691537e-25
3.979888501157492442e+02 3.326478403064322130e-25
4.007503480782701786e+02 3.329561283842082629e-25
4.035310070574753354e+02 3.332712922371082626e-25
4.063309600045972161e+02 3.335933728674627306e-25
4.091503407933698213e+02 3.339224206071056799e-25
4.119892842264259230e+02 3.342584915152233408e-25
4.148479260417452679e+02 3.346016453982981201e-25
4.177264029191435384e+02 3.349519446692057891e-25
4.206248524868058780e+02 3.353094536632568501e-25
4.235434133278704962e+02 3.356742382136351148e-25
4.264822249870512110e+02 3.360463653801818619e-25
4.294414279773124008e+02 3.364259032713808551e-25
4.324211637865862485e+02 3.368129209250235799e-25
4.354215748845361418e+02 3.372074882263454299e-25
4.384428047293717441e+02 3.376096758511225961e-25
4.414849977747045386e+02 3.380195552252708771e-25
4.445482994764578280e+02 3.384371984958738765e-25
4.476328562998199914e+02 3.388626785102096116e-25
4.507388157262458321e+02 3.392960688002568093e-25
4.538663262605115847e+02 3.397374435713140550e-25
4.570155374378115312e+02 3.401868776935064777e-25
4.601865998309110068e+02 3.406444466956105942e-25
4.633796650573440843e+02 3.411102267603353417e-25
4.665948857866619051e+02 3.415842947211317129e-25
4.698324157477349559e+02 3.420667280599478833e-25
4.730924097361000236e+02 3.425576049059353863e-25
4.763750236213644484e+02 3.430570040351443577e-25
4.796804143546572732e+02 3.435650048709704070e-25
4.830087399761322331e+02 3.440816874857254175e-25
4.863601596225273056e+02 3.446071326034621768e-25
4.897348335347697343e+02 3.451414216043367463e-25
4.931329230656409663e+02 3.456846365313347687e-25
4.965545906874899629e+02 3.462368601000497902e-25
4.999999999999999432e+02 3.467981757132203140e-25
5.034693157380134494e+02 3.473686674823585756e-25
5.069627037794076045e+02 3.479484202602698588e-25
5.104803311530232008e+02 3.485375196913594298e-25
5.140223660466548381e+02 3.491360522909744108e-25
5.175889778150880147e+02 3.497441055747281790e-25
5.211803369882004517e+02 3.503617682768851761e-25
5.247966152791137802e+02 3.509891307354075832e-25
5.284379855924019012e+02 3.516262856066744363e-25
5.321046220323622720e+02 3.522733292775693787e-25
5.357966999113355087e+02 3.529303648801710593e-25
5.395143957580917231e+02 3.535975093917023235e-25
5.432578873262691559e+02 3.542749126675021783e-25
5.470273536028711305e+02 3.549628184993834645e-25
5.508229748168283777e+02 3.556618212982336724e-25
5.546449324476112679e+02 3.563745975142178984e-25
5.584934092339112794e+02 3.571463872782116334e-25
5.623685891823758993e+02 3.578897105637471341e-25
5.662706575764057106e+02 3.585620124229570475e-25
5.701998009850165090e+02 3.593078190171202825e-25
5.741562072717555338e+02 3.600680779409024443e-25
5.781400656036876171e+02 3.608400898612753514e-25
5.821515664604382891e+02 3.616234400720773458e-25
5.861909016432991848e+02 3.624180767242684937e-25
5.902582642844026850e+02 3.632240416708143214e-25
5.943538488559515827e+02 3.640414086506417698e-25
5.984778511795212808e+02 3.648702645258839018e-25
6.026304684354212213e+02 3.657107024362346791e-25
6.068118991721202065e+02 3.665628189485181040e-25
6.110223433157442514e+02 3.674267127445776392e-25
6.152620021796307128e+02 3.683024839678104035e-25
6.195310784739577912e+02 3.691902338762458662e-25
6.238297763154347422e+02 3.700900646483161139e-25
6.281583012370599590e+02 3.710020792692819286e-25
6.325168601979518144e+02 3.719263814622337949e-25
6.369056615932391878e+02 3.728630756449066704e-25
6.413249152640298689e+02 3.738122669020222577e-25
6.457748325074419427e+02 3.747740609672629356e-25
6.502556260867041829e+02 3.757485642115289380e-25
6.547675102413337527e+02 3.767358836355523924e-25
6.593107006973741591e+02 3.777361268656823462e-25
6.638854146777144933e+02 3.787494021522196052e-25
6.684918709124732459e+02 3.797758183702805845e-25
6.731302896494547667e+02 3.808154850233330666e-25
6.778008926646843975e+02 3.818685122503928446e-25
6.825039032730068129e+02 3.829350108382327458e-25
6.872395463387682639e+02 3.840150922419496967e-25
6.920080482865656677e+02 3.851088686192408521e-25
6.968096371120709591e+02 3.862164528896078274e-25
7.016445423929365006e+02 3.873379588405825876e-25
7.065129952997667715e+02 3.884735013291743017e-25
7.114152286071758908e+02 3.896231966905228826e-25
7.163514767049153988e+02 3.907871636407013318e-25
7.213219756090785495e+02 3.919655255021601750e-25
7.263269629733905504e+02 3.931584165567567516e-25
7.313666781005648545e+02 3.943660044014778222e-25
7.364413619537507429e+02 3.955885993743166429e-25
7.415512571680520750e+02 3.968276717630294588e-25
7.466966080621258470e+02 3.982892103546336676e-25
7.518776606498690853e+02 3.993482839599364480e-25
7.570946626521758844e+02 4.006269164062048603e-25
7.623478635087872135e+02 4.019239244569641700e-25
7.676375143902112086e+02 4.032367559598474177e-25
7.729638682097383935e+02 4.045652556936682532e-25
7.783271796355309107e+02 4.059094824387363106e-25
7.837277051027973584e+02 4.072695383709044766e-25
7.891657028260589186e+02 4.086455389087767342e-25
7.946414328114889258e+02 4.100376563634910526e-25
8.001551568693499803e+02 4.114458561813924587e-25
8.057071386265098454e+02 4.128704204921062416e-25
8.112976435390434062e+02 4.143114225352358367e-25
8.169269389049309211e+02 4.157689886433566585e-25
8.225952938768310787e+02 4.172432460817266602e-25
8.283029794749566008e+02 4.187343228917710978e-25
8.340502686000294261e+02 4.202423478542858371e-25
8.398374360463265020e+02 4.217674504750166101e-25
8.456647585148242570e+02 4.233097609802746961e-25
8.515325146264220848e+02 4.248694103185960218e-25
8.574409849352695119e+02 4.264465301675233048e-25
8.633904519421778332e+02 4.280412529456911454e-25
8.693812001081250855e+02 4.296537118324133443e-25
8.754135158678624293e+02 4.312840407998516830e-25
8.814876876436027260e+02 4.329323746689493428e-25
8.876040058588170041e+02 4.345988492153539660e-25
8.937627629521176686e+02 4.362836013902960755e-25
8.999642533912381168e+02 4.379867698380550953e-25
9.062087736871186507e+02 4.397084962965679415e-25
9.124966224080760639e+02 4.414489301982508198e-25
9.188281001940850956e+02 4.432082488875164818e-25
9.252035097711509479e+02 4.449868072472064155e-25
9.316231559657798016e+02 4.467903738640970220e-25
9.380873457195606306e+02 4.486028337189026440e-25
9.445963881038330783e+02 4.504363753895885956e-25
9.511505943344717480e+02 4.522916046990768162e-25
9.577502777867638315e+02 4.541666829759161920e-25
9.643957540103887141e+02 4.560616240045401258e-25
9.710873407445130852e+02 4.579765474031913092e-25
9.778253579329743843e+02 4.599115917864703216e-25
9.846101277395855504e+02 4.618669015067868089e-25
9.914419745635356094e+02 4.638426234834618187e-25
9.983212250548965585e+02 4.658389062235078536e-25
1.005248208130249395e+03 4.678558994664913648e-25
1.012223254988401777e+03 4.698937540432274028e-25
1.019246699126230965e+03 4.719526218181072014e-25
1.026318876354625900e+03 4.740326556685108631e-25
1.033440124814540923e+03 4.761340094823716986e-25
1.040610784993169545e+03 4.782568381663507795e-25
1.047831199740216334e+03 4.804012976622261763e-25
1.055101714284297032e+03 4.825675449725488577e-25
1.062422676249441338e+03 4.847557382016661578e-25
1.069794435671710517e+03 4.869660366282112977e-25
1.077217345015942101e+03 4.891986008538337275e-25
1.084691759192592144e+03 4.914535931640039843e-25
1.092218035574712985e+03 4.937311785976113387e-25
1.099796534015037196e+03 4.960315290668415383e-25
1.107427616863179537e+03 4.983548474344464783e-25
1.115111648982969200e+03 5.007017246374823661e-25
1.122848997769886864e+03 5.030767205219636565e-25
1.130640033168638411e+03 5.054638173519208786e-25
1.138485127690839818e+03 5.078802310764659500e-25
1.146384656432824158e+03 5.103205243487118076e-25
1.154338997093584794e+03 5.127847678461337828e-25
1.162348529992823842e+03 5.152731190347193799e-25
1.170413638089145707e+03 5.177857480259195096e-25
1.178534706998363845e+03 5.203228289173142524e-25
1.186712125011933040e+03 5.228845379907494553e-25
1.194946283115524921e+03 5.254710532117867170e-25
1.203237575007711939e+03 5.280825540698507584e-25
1.211586397118798914e+03 5.307192215287945581e-25
1.219993148629774851e+03 5.333812380197577656e-25
1.228458231491394827e+03 5.360687874539735283e-25
1.236982050443406933e+03 5.387820552481984753e-25
1.245565013033894047e+03 5.415212283644898845e-25
1.254207529638769074e+03 5.442864953766054101e-25
1.262910013481392070e+03 5.470780466029975951e-25
1.271672880652324011e+03 5.498960744470183745e-25
1.280496550129229490e+03 5.527407745533495714e-25
1.289381443796900385e+03 5.556123515701835426e-25
1.298327986467434812e+03 5.585110774687843477e-25
1.307336605900545919e+03 5.615427183310890567e-25
1.316407732824009827e+03 5.643902785041381350e-25
1.325541800954269320e+03 5.673711429174374192e-25
1.334739247017160324e+03 5.703799704696008150e-25
1.344000510768802087e+03 5.734168788933781669e-25
1.353326035016620381e+03 5.764820650477395339e-25
1.362716265640513711e+03 5.795757353336534094e-25
1.372171651614182565e+03 5.826980996444488508e-25
1.381692645026584842e+03 5.858493702736931566e-25
1.391279701103562729e+03 5.890297616500504837e-25
1.400933278229597590e+03 5.922394902733304547e-25
1.410653837969735150e+03 5.954787747137128822e-25
1.420441845091651885e+03 5.987478356372394661e-25
1.430297767587870794e+03 6.020468958493378498e-25
1.440222076698148840e+03 6.053761803651870786e-25
1.450215246931995580e+03 6.087359165498127417e-25
1.460277756091372339e+03 6.121263345042390701e-25
1.470410085293531665e+03 6.155476686675703710e-25
1.480612718994017087e+03 6.190001698692851077e-25
1.490886145009836582e+03 6.224846233127741035e-25
1.501230854542774523e+03 6.259996098642863187e-25
1.511647342202888012e+03 6.295468110490226730e-25
1.522136106032151247e+03 6.331262359307537651e-25
1.532697647528263133e+03 6.367380214652826070e-25
1.543332471668637027e+03 6.403824080520217042e-25
1.554041086934531677e+03 6.440596450107527579e-25
1.564824005335374977e+03 6.477699854085369317e-25
1.575681742433239378e+03 6.515136852873211155e-25
1.586614817367487831e+03 6.552910035136420648e-25
1.597623752879606627e+03 6.591022017677804447e-25
1.608709075338185585e+03 6.629475445771813281e-25
1.619871314764097406e+03 6.668272993753978909e-25
1.631111004855834835e+03 6.707417366006093178e-25
1.642428683015021534e+03 6.746911299184167466e-25
1.653824890372120990e+03 6.786757570409503232e-25
1.665300171812294138e+03 6.826959055616563686e-25
1.676855076001464113e+03 6.867520994467380856e-25
1.688490155412545391e+03 6.908439020661654257e-25
1.700205966351852794e+03 6.949722038152216988e-25
1.712003068985712616e+03 6.991372308586429266e-25
1.723882027367231785e+03 7.033392188872557290e-25
1.735843409463279386e+03 7.075784626563155026e-25
1.747887787181637350e+03 7.118552637285315601e-25
1.760015736398339186e+03 7.161699277840507048e-25
1.772227836985217436e+03 7.205227642606873584e-25
1.784524672837614617e+03 7.249140863202831166e-25
1.796906831902312661e+03 7.293442108919902878e-25
1.809374906205639945e+03 7.338134587508906084e-25
1.821929491881772037e+03 7.383221546534284467e-25
1.834571189201246852e+03 7.428706276966509685e-25
1.847300602599651029e+03 7.474592132573208830e-25
1.860118340706532763e+03 7.520882907111134181e-25
1.873025016374496317e+03 7.567581520480401311e-25
1.886021246708498438e+03 7.614689921930549293e-25
1.899107653095367823e+03 7.662214093870782818e-25
1.912284861233499214e+03 7.710156651422392339e-25
1.925553501162784187e+03 7.758521140802556933e-25
1.938914207294728385e+03 7.807311183208951599e-25
1.952367618442779758e+03 7.856530450678850285e-25
1.965914377852884854e+03 7.906182663672922037e-25
1.979555133234229061e+03 7.956271591292914194e-25
1.993290536790218994e+03 8.006801052141813945e-25
2.007121245249660660e+03 8.057774915731992303e-25
2.021047919898152713e+03 8.109197105861643562e-25
2.035071226609719133e+03 8.161071620050219718e-25
2.049191835878630627e+03 8.213403262388803031e-25
2.063410422851475687e+03 8.266193760697382955e-25
2.077727667359437419e+03 8.319449240936855729e-25
2.092144253950789789e+03 8.373173633282185977e-25
2.106660871923644208e+03 8.427371002374904943e-25
2.121278215358888247e+03 8.482045639867980762e-25
2.135996983153388101e+03 8.537201906905590705e-25
2.150817879053397064e+03 8.592844226942577200e-25
2.165741611688199100e+03 8.648977085701786578e-25
2.180768894604002526e+03 8.705605032250395773e-25
2.195900446298042880e+03 8.762732680763899559e-25
2.211136990252948181e+03 8.820364715025959859e-25
2.226479254971327464e+03 8.878505926965950298e-25
2.241927974010592607e+03 8.937173660556720625e-25
2.257483886018050725e+03 8.996334868507011657e-25
2.273147734766199392e+03 9.056032500708022565e-25
2.288920269188307884e+03 9.116258962781317702e-25
2.304802243414216719e+03 9.177019326680191304e-25
2.320794416806388199e+03 9.238318763520686781e-25
2.336897553996231636e+03 9.300162523864747124e-25
2.353112424920640478e+03 9.362555937277325358e-25
2.369439804858825028e+03 9.425504413726736277e-25
2.385880474469372530e+03 9.489013445897924629e-25
2.402435219827564197e+03 9.553088616080263247e-25
2.419104832462978266e+03 9.617735731028091194e-25
2.435890109397314973e+03 9.682960164430553152e-25
2.452791853182522573e+03 9.748767872261044729e-25
2.469810871939159824e+03 9.815165001720586219e-25
2.486947979395030870e+03 9.882157451025369109e-25
2.504203994924105700e+03 9.949751326369045308e-25
2.521579743585678898e+03 1.001795283536182980e-24
2.539076056163837620e+03 1.008676828493679089e-24
2.556693769207162859e+03 1.015620408305144996e-24
2.574433725068745844e+03 1.022626674156113043e-24
2.592296771946456374e+03 1.029696288561631878e-24
2.610283763923487186e+03 1.036829999684094336e-24
2.628395561009212088e+03 1.044028257481237569e-24
2.646633029180280118e+03 1.051291986760272160e-24
2.664997040422043483e+03 1.058621821801290486e-24
2.683488472770237877e+03 1.066018477719624600e-24
2.702108210352957030e+03 1.073482683783995860e-24
2.720857143432946032e+03 1.081015181656989984e-24
2.739736168450142941e+03 1.088616725538414832e-24
2.758746188064561011e+03 1.096288082481171718e-24
2.777888111199438299e+03 1.104030033215225338e-24
2.797162853084688322e+03 1.111843452836762922e-24
2.816571335300678584e+03 1.119728898467688930e-24
2.836114485822271490e+03 1.127687439707919509e-24
2.855793239063214060e+03 1.135719831876967541e-24
2.875608535920806389e+03 1.143826923315222323e-24
2.895561323820878897e+03 1.152009578577869596e-24
2.915652556763111988e+03 1.160268677590651500e-24
2.935883195366627206e+03 1.168605115935344193e-24
2.956254206915937175e+03 1.177019805362387450e-24
2.976766565407184771e+03 1.185513678721909158e-24
2.997421251594703790e+03 1.194087666873030606e-24
3.018219253037934777e+03 1.202742738304054560e-24
3.039161564148614616e+03 1.211479876972483996e-24
3.060249186238348102e+03 1.220300076484448499e-24
3.081483127566470557e+03 1.229204351856486762e-24
3.102864403388249684e+03 1.238193736945954319e-24
3.124394036003446672e+03 1.247269284784995085e-24
3.146073054805171523e+03 1.256432068228658245e-24
3.167902496329123551e+03 1.265683198817457153e-24
3.189883404303140651e+03 1.275023730760589992e-24
3.212016829697095091e+03 1.284454855670360189e-24
3.234303830773163099e+03 1.293977711462465534e-24
3.256745473136400960e+03 1.303593474401982393e-24
3.279342829785714002e+03 1.313303343910959888e-24
3.302096981165152101e+03 1.323108542333621329e-24
3.325009015215558520e+03 1.333010315481973406e-24
3.348080027426610741e+03 1.343009935555533404e-24
3.371311120889170525e+03 1.353108689130663328e-24
3.394703406348052340e+03 1.363307898912092960e-24
3.418258002255118754e+03 1.373608911523141217e-24
3.441976034822747806e+03 1.384013095423006673e-24
3.465858638077703290e+03 1.394521847177509024e-24
3.489906953915329723e+03 1.405136590456903385e-24
3.514122132154172050e+03 1.415858776618829056e-24
3.538505330590944141e+03 1.426689891703126679e-24
3.563057715055871995e+03 1.437631422528241742e-24
3.587780459468463505e+03 1.448684926359009314e-24
3.612674745893606541e+03 1.459851964282755178e-24
3.637741764598112240e+03 1.471134132490551038e-24
3.662982714107614811e+03 1.482533058314119621e-24
3.688398801263864698e+03 1.494050400233140556e-24
3.713991241282458759e+03 1.505687848847455288e-24
3.739761257810910138e+03 1.517447126736652252e-24
3.765710082987183341e+03 1.529329981069877155e-24
3.791838957498594937e+03 1.541338207247617806e-24
3.818149130641120337e+03 1.553473621944262062e-24
3.844641860379156242e+03 1.565738077907414670e-24
3.871318413405634146e+03 1.578133461278720824e-24
3.898180065202614060e+03 1.590661692004348612e-24
3.925228100102254302e+03 1.603324724490547886e-24
3.952463811348209674e+03 1.616124536944034780e-24
3.979888501157492556e+03 1.629063157659679693e-24
4.007503480782701899e+03 1.642142635457841164e-24
4.035310070574748806e+03 1.655365054399326118e-24
4.063309600045972275e+03 1.668732530169111533e-24
4.091503407933694234e+03 1.682247210306621028e-24
4.119892842264259343e+03 1.695911266870381872e-24
4.148479260417452679e+03 1.709726906783953373e-24
4.177264029191431291e+03 1.723696360681676779e-24
4.206248524868058666e+03 1.737821883237674106e-24
4.235434133278700756e+03 1.752105751821654552e-24
4.264822249870511769e+03 1.766550263462317615e-24
4.294414279773124690e+03 1.781157736956119791e-24
4.324211637865858393e+03 1.795930478955298096e-24
4.354215748845361304e+03 1.810870842230563937e-24
4.384428047293712552e+03 1.825981156759954890e-24
4.414849977747045159e+03 1.841263755909791284e-24
4.445482994764578507e+03 1.856720963436747333e-24
4.476328562998200141e+03 1.872355239580676780e-24
4.507388157262457753e+03 1.888168400686611966e-24
4.538663262605111413e+03 1.904163153190137427e-24
4.570155374378115084e+03 1.920341537219395217e-24
4.601865998309110182e+03 1.936705685521532408e-24
4.633796650573441184e+03 1.953257654052671796e-24
4.665948857866618710e+03 1.969999409964339058e-24
4.698324157477344670e+03 1.986932782679512038e-24
4.730924097361000349e+03 2.004059501298495577e-24
4.763750236213644712e+03 2.021381108303166562e-24
4.796804143546572959e+03 2.038898960865114735e-24
4.830087399761322558e+03 2.056614192058548035e-24
4.863601596225267713e+03 2.074527671276558448e-24
4.897348335347696775e+03 2.092639964378112578e-24
4.931329230656409891e+03 2.110951283650461830e-24
4.965545906874899629e+03 2.129461431352313483e-24
4.999999999999999091e+03 2.148169738102979195e-24
