1.0000000e+00 4.4569531e-17
1.0030759e+00 4.6943421e-17
1.0061612e+00 4.9548476e-17
1.0092560e+00 5.2403302e-17
1.0123603e+00 5.5698024e-17
1.0154742e+00 5.9302997e-17
1.0185976e+00 6.2979292e-17
1.0217307e+00 6.6568086e-17
1.0248734e+00 7.0801848e-17
1.0280258e+00 7.5034353e-17
1.0311878e+00 7.8060969e-17
1.0343596e+00 7.8679313e-17
1.0375412e+00 7.7965967e-17
1.0407325e+00 7.6590629e-17
1.0439336e+00 7.4767337e-17
1.0471446e+00 7.2595468e-17
1.0503655e+00 6.8565689e-17
1.0535963e+00 6.3219044e-17
1.0568370e+00 5.7790893e-17
1.0600877e+00 5.3181857e-17
1.0633483e+00 4.9037609e-17
1.0666191e+00 4.5146815e-17
1.0698998e+00 4.1723823e-17
1.0731907e+00 3.9721273e-17
1.0764917e+00 5.8345025e-17
1.0798028e+00 3.3711550e-17
1.0831241e+00 3.0927718e-17
1.0864557e+00 2.8777943e-17
1.0897974e+00 2.6906015e-17
1.0931495e+00 2.5230991e-17
1.0965119e+00 2.3718775e-17
1.0998846e+00 2.2346525e-17
1.1032677e+00 2.1098061e-17
1.1066612e+00 1.9956696e-17
1.1100651e+00 1.8909166e-17
1.1134795e+00 1.7945958e-17
1.1169044e+00 1.7057553e-17
1.1203398e+00 1.6237155e-17
1.1237859e+00 1.5477160e-17
1.1272425e+00 1.4770826e-17
1.1307097e+00 1.4113064e-17
1.1341876e+00 1.3500259e-17
1.1376762e+00 1.2927875e-17
1.1411755e+00 1.2391809e-17
1.1446856e+00 1.1888865e-17
1.1482065e+00 1.1416923e-17
1.1517382e+00 1.0973164e-17
1.1552808e+00 1.0554991e-17
1.1588343e+00 1.0160305e-17
1.1623987e+00 9.7877696e-18
1.1659741e+00 9.4355698e-18
1.1695605e+00 9.1019992e-18
1.1731579e+00 8.7856298e-18
1.1767663e+00 8.4855685e-18
1.1803859e+00 8.2006079e-18
1.1840166e+00 7.9295899e-18
1.1876585e+00 7.6715148e-18
1.1913115e+00 7.4257540e-18
1.1949758e+00 7.1914819e-18
1.1986514e+00 6.9678906e-18
1.2023383e+00 6.7542637e-18
1.2060365e+00 6.5501385e-18
1.2097461e+00 6.3549367e-18
1.2134671e+00 6.1680822e-18
1.2171996e+00 5.9890523e-18
1.2209435e+00 5.8174914e-18
1.2246989e+00 5.6529866e-18
1.2284659e+00 5.4951216e-18
1.2322445e+00 5.3435106e-18
1.2360347e+00 5.1978668e-18
1.2398366e+00 5.0578918e-18
1.2436502e+00 4.9232853e-18
1.2474755e+00 4.7937640e-18
1.2513125e+00 4.6690818e-18
1.2551614e+00 4.5490209e-18
1.2590221e+00 4.4333728e-18
1.2628946e+00 4.3219380e-18
1.2667791e+00 4.2145003e-18
1.2706756e+00 4.1108873e-18
1.2745840e+00 4.0109533e-18
1.2785044e+00 3.9145591e-18
1.2824369e+00 3.8215926e-18
1.2863815e+00 3.7318578e-18
1.2903382e+00 3.6451277e-18
1.2943071e+00 3.5611888e-18
1.2982882e+00 3.4800554e-18
1.3022816e+00 3.4015928e-18
1.3062872e+00 3.3254536e-18
1.3103052e+00 3.2513122e-18
1.3143355e+00 3.1790094e-18
1.3183782e+00 3.1086265e-18
1.3224333e+00 3.0401973e-18
1.3265010e+00 2.9737506e-18
1.3305811e+00 2.9091915e-18
1.3346738e+00 2.8463980e-18
1.3387790e+00 2.7854324e-18
1.3428969e+00 2.7263526e-18
1.3470275e+00 2.6691378e-18
1.3511708e+00 2.6136391e-18
1.3553268e+00 2.5597915e-18
1.3594956e+00 2.5075348e-18
1.3636772e+00 2.4568128e-18
1.3678716e+00 2.4075679e-18
1.3720790e+00 2.3597366e-18
1.3762993e+00 2.3132575e-18
1.3805326e+00 2.2680758e-18
1.3847790e+00 2.2241514e-18
1.3890384e+00 2.1814380e-18
1.3933108e+00 2.1398905e-18
1.3975965e+00 2.0994656e-18
1.4018953e+00 2.0601246e-18
1.4062073e+00 2.0218325e-18
1.4105326e+00 1.9845556e-18
1.4148712e+00 1.9482598e-18
1.4192231e+00 1.9129085e-18
1.4235885e+00 1.8784735e-18
1.4279672e+00 1.8449288e-18
1.4323594e+00 1.8122475e-18
1.4367652e+00 1.7803953e-18
1.4411845e+00 1.7493489e-18
1.4456173e+00 1.7190877e-18
1.4500639e+00 1.6895905e-18
1.4545241e+00 1.6608254e-18
1.4589980e+00 1.6327727e-18
1.4634856e+00 1.6054159e-18
1.4679871e+00 1.5787382e-18
1.4725024e+00 1.5527106e-18
1.4770316e+00 1.5273154e-18
1.4815748e+00 1.5025398e-18
1.4861319e+00 1.4783706e-18
1.4907030e+00 1.4547813e-18
1.4952882e+00 1.4317556e-18
1.4998875e+00 1.4092838e-18
1.5045009e+00 1.3873558e-18
1.5091286e+00 1.3659474e-18
1.5137704e+00 1.3450435e-18
1.5184266e+00 1.3246364e-18
1.5230970e+00 1.3047188e-18
1.5277819e+00 1.2852693e-18
1.5324811e+00 1.2662726e-18
1.5371948e+00 1.2477234e-18
1.5419230e+00 1.2296166e-18
1.5466657e+00 1.2119333e-18
1.5514231e+00 1.1946580e-18
1.5561950e+00 1.1777873e-18
1.5609817e+00 1.1613179e-18
1.5657830e+00 1.1452338e-18
1.5705991e+00 1.1295184e-18
1.5754301e+00 1.1141702e-18
1.5802759e+00 1.0991875e-18
1.5851366e+00 1.0845572e-18
1.5900122e+00 1.0702614e-18
1.5949029e+00 1.0563000e-18
1.5998086e+00 1.0426731e-18
1.6047294e+00 1.0293702e-18
1.6096653e+00 1.0163719e-18
1.6146164e+00 1.0036796e-18
1.6195827e+00 9.9129469e-19
1.6245643e+00 9.7920939e-19
1.6295613e+00 9.6740285e-19
1.6345736e+00 9.5587728e-19
1.6396013e+00 9.4463588e-19
1.6446445e+00 9.3367330e-19
1.6497031e+00 9.2296700e-19
1.6547774e+00 9.1252000e-19
1.6598673e+00 9.0233712e-19
1.6649728e+00 8.9241564e-19
1.6700940e+00 8.8273113e-19
1.6752310e+00 8.7328711e-19
1.6803837e+00 8.6409016e-19
1.6855524e+00 8.5514033e-19
1.6907369e+00 8.4641108e-19
1.6959373e+00 8.3790609e-19
1.7011538e+00 8.2963394e-19
1.7063863e+00 8.2159765e-19
1.7116349e+00 8.1376831e-19
1.7168997e+00 8.0614939e-19
1.7221806e+00 7.9875178e-19
1.7274778e+00 7.9158181e-19
1.7327913e+00 7.8460799e-19
1.7381211e+00 7.7783303e-19
1.7434673e+00 7.7127075e-19
1.7488300e+00 7.6493155e-19
1.7542091e+00 7.5878153e-19
1.7596048e+00 7.5282313e-19
1.7650171e+00 7.4707748e-19
1.7704460e+00 7.4157318e-19
1.7758917e+00 7.3635275e-19
1.7813541e+00 7.3359117e-19
1.7868333e+00 7.2697465e-19
1.7923293e+00 7.2138994e-19
1.7978423e+00 7.1672721e-19
1.8033722e+00 7.1230111e-19
1.8089191e+00 7.0809154e-19
1.8144831e+00 7.0411619e-19
1.8200642e+00 7.0032505e-19
1.8256624e+00 6.9670054e-19
1.8312779e+00 6.9328020e-19
1.8369106e+00 6.9010183e-19
1.8425607e+00 6.8711170e-19
1.8482282e+00 6.8427661e-19
1.8539131e+00 6.8165136e-19
1.8596154e+00 6.7929108e-19
1.8653353e+00 6.7712985e-19
1.8710728e+00 6.7510074e-19
1.8768280e+00 6.7329435e-19
1.8826009e+00 6.7180242e-19
1.8883915e+00 6.7050631e-19
1.8941999e+00 6.6925257e-19
1.9000262e+00 6.6826913e-19
1.9058704e+00 6.6779109e-19
1.9117326e+00 6.6778038e-19
1.9176128e+00 6.6779449e-19
1.9235111e+00 6.6781948e-19
1.9294276e+00 6.6785506e-19
1.9353622e+00 6.6810994e-19
1.9413151e+00 6.6899835e-19
1.9472863e+00 6.7031421e-19
1.9532759e+00 6.7181743e-19
1.9592839e+00 6.7341893e-19
1.9653104e+00 6.7545020e-19
1.9713554e+00 6.7784682e-19
1.9774190e+00 6.8050496e-19
1.9835012e+00 6.8338707e-19
1.9896022e+00 6.8669321e-19
1.9957219e+00 6.9038415e-19
2.0018605e+00 6.9438690e-19
2.0080179e+00 6.9866821e-19
2.0141943e+00 7.0339011e-19
2.0203897e+00 7.0852306e-19
2.0266041e+00 7.1399959e-19
2.0328377e+00 7.1977979e-19
2.0390904e+00 7.2601499e-19
2.0453623e+00 7.3266854e-19
2.0516536e+00 7.3965302e-19
2.0579642e+00 7.4690339e-19
2.0642942e+00 7.5459062e-19
2.0706437e+00 7.6264274e-19
2.0770127e+00 7.7090109e-19
2.0834013e+00 7.7922906e-19
2.0898095e+00 7.8789937e-19
2.0962375e+00 7.9675240e-19
2.1026852e+00 8.0542828e-19
2.1091528e+00 8.1359671e-19
2.1156402e+00 8.2201033e-19
2.1221476e+00 8.3028699e-19
2.1286750e+00 8.3736977e-19
2.1352226e+00 8.4219327e-19
2.1417902e+00 8.4588609e-19
2.1483780e+00 8.4907430e-19
2.1549861e+00 8.5127845e-19
2.1616146e+00 8.5199693e-19
2.1682634e+00 8.4942231e-19
2.1749327e+00 8.4336821e-19
2.1816224e+00 8.3509765e-19
2.1883328e+00 8.2587341e-19
2.1950638e+00 8.1374704e-19
2.2018155e+00 7.9730090e-19
2.2085880e+00 7.7825265e-19
2.2153813e+00 7.5824282e-19
2.2221955e+00 7.3677641e-19
2.2290306e+00 7.1274276e-19
2.2358868e+00 6.8742263e-19
2.2427641e+00 6.6198599e-19
2.2496625e+00 6.3650471e-19
2.2565822e+00 6.1031002e-19
2.2635231e+00 5.8414482e-19
2.2704854e+00 5.5867415e-19
2.2774691e+00 5.3405179e-19
2.2844742e+00 5.0985875e-19
2.2915009e+00 4.8640326e-19
2.2985493e+00 4.6396589e-19
2.3056193e+00 4.4262246e-19
2.3127110e+00 4.2212116e-19
2.3198246e+00 4.0254191e-19
2.3269601e+00 3.8396493e-19
2.3341175e+00 3.6639885e-19
2.3412969e+00 3.4969567e-19
2.3484984e+00 3.3384685e-19
2.3557220e+00 3.1885223e-19
2.3629679e+00 3.0468992e-19
2.3702360e+00 2.9127117e-19
2.3775265e+00 2.7856300e-19
2.3848395e+00 2.6654054e-19
2.3921749e+00 2.5517394e-19
2.3995329e+00 2.4440750e-19
2.4069135e+00 2.3420717e-19
2.4143168e+00 2.2454469e-19
2.4217429e+00 2.1539184e-19
2.4291919e+00 2.0671181e-19
2.4366637e+00 1.9847607e-19
2.4441586e+00 1.9065979e-19
2.4516764e+00 1.8323933e-19
2.4592175e+00 1.7618916e-19
2.4667817e+00 1.6948704e-19
2.4743691e+00 1.6311293e-19
2.4819799e+00 1.5704801e-19
2.4896142e+00 1.5127387e-19
2.4972719e+00 1.4577359e-19
2.5049531e+00 1.4053153e-19
2.5126580e+00 1.3553305e-19
2.5203866e+00 1.3076444e-19
2.5281389e+00 1.2621287e-19
2.5359151e+00 1.2186632e-19
2.5437152e+00 1.1771350e-19
2.5515393e+00 1.1374392e-19
2.5593875e+00 1.0994781e-19
2.5672598e+00 1.0631595e-19
2.5751563e+00 1.0283965e-19
2.5830772e+00 9.9510757e-20
2.5910223e+00 9.6321712e-20
2.5989920e+00 9.3265436e-20
2.6069861e+00 9.0335237e-20
2.6150048e+00 8.7524689e-20
2.6230482e+00 8.4827850e-20
2.6311163e+00 8.2239264e-20
2.6392092e+00 7.9753759e-20
2.6473271e+00 7.7366234e-20
2.6554699e+00 7.5071915e-20
2.6636377e+00 7.2866581e-20
2.6718307e+00 7.0746219e-20
2.6800489e+00 6.8706769e-20
2.6882923e+00 6.6744303e-20
2.6965611e+00 6.4855542e-20
2.7048554e+00 6.3037365e-20
2.7131751e+00 6.1286536e-20
2.7215205e+00 5.9599750e-20
2.7298915e+00 5.7974449e-20
2.7382882e+00 5.6408202e-20
2.7467108e+00 5.4898430e-20
2.7551593e+00 5.3442300e-20
2.7636338e+00 5.2037800e-20
2.7721343e+00 5.0683039e-20
2.7806610e+00 4.9375973e-20
2.7892139e+00 4.8114123e-20
2.7977932e+00 4.6895897e-20
2.8063988e+00 4.5719830e-20
2.8150309e+00 4.4584311e-20
2.8236895e+00 4.3487143e-20
2.8323748e+00 4.2427047e-20
2.8410868e+00 4.1402899e-20
2.8498255e+00 4.0413446e-20
2.8585912e+00 3.9456713e-20
2.8673838e+00 3.8531657e-20
2.8762035e+00 3.7637428e-20
2.8850503e+00 3.6773071e-20
2.8939243e+00 3.5936794e-20
2.9028256e+00 3.5127725e-20
2.9117543e+00 3.4345239e-20
2.9207104e+00 3.3588633e-20
2.9296941e+00 3.2856269e-20
2.9387054e+00 3.2147389e-20
2.9477444e+00 3.1461562e-20
2.9568113e+00 3.0798299e-20
2.9659060e+00 3.0156094e-20
2.9750287e+00 2.9534260e-20
2.9841795e+00 2.8932535e-20
2.9933584e+00 2.8350613e-20
3.0025656e+00 2.7787112e-20
3.0118010e+00 2.7241371e-20
3.0210649e+00 2.6713277e-20
3.0303573e+00 2.6202694e-20
3.0396782e+00 2.5708357e-20
3.0490278e+00 2.5229580e-20
3.0584062e+00 2.4766399e-20
3.0678134e+00 2.4318830e-20
3.0772496e+00 2.3885729e-20
3.0867148e+00 2.3466338e-20
3.0962091e+00 2.3060836e-20
3.1057326e+00 2.2669384e-20
3.1152853e+00 2.2290981e-20
3.1248675e+00 2.1924726e-20
3.1344792e+00 2.1570949e-20
3.1441204e+00 2.1229965e-20
3.1537913e+00 2.0900924e-20
3.1634919e+00 2.0582719e-20
3.1732223e+00 2.0275844e-20
3.1829827e+00 1.9980783e-20
3.1927731e+00 1.9696848e-20
3.2025936e+00 1.9422655e-20
3.2124443e+00 1.9158877e-20
3.2223254e+00 1.8906202e-20
3.2322368e+00 1.8664126e-20
3.2421787e+00 1.8430880e-20
3.2521512e+00 1.8207346e-20
3.2621543e+00 1.7994482e-20
3.2721882e+00 1.7791999e-20
3.2822530e+00 1.7597581e-20
3.2923488e+00 1.7412368e-20
3.3024756e+00 1.7237693e-20
3.3126335e+00 1.7073562e-20
3.3228227e+00 1.6916803e-20
3.3330432e+00 1.6768913e-20
3.3432952e+00 1.6631814e-20
3.3535787e+00 1.6505933e-20
3.3638938e+00 1.6386622e-20
3.3742407e+00 1.6275955e-20
3.3846194e+00 1.6176926e-20
3.3950300e+00 1.6090628e-20
3.4054726e+00 1.6009159e-20
3.4159474e+00 1.5936024e-20
3.4264543e+00 1.5876922e-20
3.4369936e+00 1.5835470e-20
3.4475653e+00 1.5799054e-20
3.4581695e+00 1.5768653e-20
3.4688064e+00 1.5749411e-20
3.4794759e+00 1.5746203e-20
3.4901783e+00 1.5757383e-20
3.5009136e+00 1.5778954e-20
3.5116819e+00 1.5807530e-20
3.5224834e+00 1.5840689e-20
3.5333180e+00 1.5893427e-20
3.5441860e+00 1.5966280e-20
3.5550874e+00 1.6051924e-20
3.5660224e+00 1.6143279e-20
3.5769909e+00 1.6249546e-20
3.5879932e+00 1.6372751e-20
3.5990294e+00 1.6506973e-20
3.6100995e+00 1.6646216e-20
3.6212037e+00 1.6798985e-20
3.6323420e+00 1.6964549e-20
3.6435145e+00 1.7131155e-20
3.6547215e+00 1.7286484e-20
3.6659629e+00 1.7454327e-20
3.6772389e+00 1.7630682e-20
3.6885495e+00 1.7771340e-20
3.6998950e+00 1.7830016e-20
3.7112753e+00 1.7822521e-20
3.7226907e+00 1.7800489e-20
3.7341412e+00 1.7765365e-20
3.7456268e+00 1.7718623e-20
3.7571479e+00 1.7572124e-20
3.7687043e+00 1.7245172e-20
3.7802963e+00 1.6809912e-20
3.7919240e+00 1.6337166e-20
3.8035874e+00 1.5815435e-20
3.8152867e+00 1.5170198e-20
3.8270220e+00 1.4461116e-20
3.8387933e+00 1.3743848e-20
3.8506009e+00 1.3031255e-20
3.8624448e+00 1.2285412e-20
3.8743251e+00 1.1539751e-20
3.8862420e+00 1.0824375e-20
3.8981955e+00 1.0150398e-20
3.9101858e+00 9.4976757e-21
3.9222130e+00 8.8758343e-21
3.9342772e+00 8.2940496e-21
3.9463785e+00 7.7554099e-21
3.9585170e+00 7.2500271e-21
3.9706928e+00 6.7780729e-21
3.9829061e+00 6.3402924e-21
3.9951569e+00 5.9360175e-21
4.0074455e+00 5.5604593e-21
4.0197718e+00 5.2117611e-21
4.0321361e+00 4.8885804e-21
4.0445383e+00 4.5894164e-21
4.0569788e+00 4.3117759e-21
4.0694575e+00 4.0539097e-21
4.0819745e+00 3.8143611e-21
4.0945301e+00 3.5917686e-21
4.1071243e+00 3.3847071e-21
4.1197572e+00 3.1918902e-21
4.1324290e+00 3.0121698e-21
4.1451398e+00 2.8445069e-21
4.1578896e+00 2.6880188e-21
4.1706787e+00 2.5418185e-21
4.1835071e+00 2.4050724e-21
4.1963750e+00 2.2770284e-21
4.2092825e+00 2.1571048e-21
4.2222296e+00 2.0446980e-21
4.2352166e+00 1.9392153e-21
4.2482435e+00 1.8401191e-21
4.2613105e+00 1.7470081e-21
4.2744177e+00 1.6594692e-21
4.2875652e+00 1.5770804e-21
4.3007531e+00 1.4994568e-21
4.3139816e+00 1.4263111e-21
4.3272508e+00 1.3573573e-21
4.3405608e+00 1.2922921e-21
4.3539118e+00 1.2308371e-21
4.3673038e+00 1.1727811e-21
4.3807370e+00 1.1179231e-21
4.3942115e+00 1.0660423e-21
4.4077275e+00 1.0169350e-21
4.4212851e+00 9.7044244e-22
4.4348843e+00 9.2642129e-22
4.4485254e+00 8.8470849e-22
4.4622084e+00 8.4515325e-22
4.4759335e+00 8.0763431e-22
4.4897009e+00 7.7204753e-22
4.5035105e+00 7.3827112e-22
4.5173627e+00 7.0619191e-22
4.5312575e+00 6.7571632e-22
4.5451950e+00 6.4676717e-22
4.5591753e+00 6.1925254e-22
4.5731987e+00 5.9308642e-22
4.5872652e+00 5.6819592e-22
4.6013750e+00 5.4452275e-22
4.6155282e+00 5.2199684e-22
4.6297249e+00 5.0055211e-22
4.6439653e+00 4.8013125e-22
4.6582494e+00 4.6068950e-22
4.6725776e+00 4.4217294e-22
4.6869497e+00 4.2453024e-22
4.7013661e+00 4.0771604e-22
4.7158269e+00 3.9169536e-22
4.7303321e+00 3.7642636e-22
4.7448819e+00 3.6186878e-22
4.7594765e+00 3.4798645e-22
4.7741160e+00 3.3475159e-22
4.7888005e+00 3.2213147e-22
4.8035301e+00 3.1009421e-22
4.8183051e+00 2.9861076e-22
4.8331255e+00 2.8765876e-22
4.8479915e+00 2.7721233e-22
4.8629033e+00 2.6724604e-22
4.8778609e+00 2.5773639e-22
4.8928645e+00 2.4866508e-22
4.9079142e+00 2.4001151e-22
4.9230103e+00 2.3175517e-22
4.9381528e+00 2.2387692e-22
4.9533418e+00 2.1636159e-22
4.9685776e+00 2.0919259e-22
4.9838602e+00 2.0235325e-22
4.9991899e+00 1.9582786e-22
5.0145667e+00 1.8960367e-22
5.0299908e+00 1.8366719e-22
5.0454623e+00 1.7800471e-22
5.0609814e+00 1.7260326e-22
5.0765483e+00 1.6745200e-22
5.0921630e+00 1.6253982e-22
5.1078258e+00 1.5785537e-22
5.1235368e+00 1.5338785e-22
5.1392960e+00 1.4912796e-22
5.1551038e+00 1.4506646e-22
5.1709601e+00 1.4119386e-22
5.1868653e+00 1.3750112e-22
5.2028193e+00 1.3398023e-22
5.2188225e+00 1.3062344e-22
5.2348748e+00 1.2742277e-22
5.2509766e+00 1.2437062e-22
5.2671278e+00 1.2146008e-22
5.2833288e+00 1.1868462e-22
5.2995795e+00 1.1603752e-22
5.3158803e+00 1.1351238e-22
5.3322312e+00 1.1110330e-22
5.3486324e+00 1.0880472e-22
5.3650840e+00 1.0661102e-22
5.3815862e+00 1.0451683e-22
5.3981392e+00 1.0251712e-22
5.4147431e+00 1.0060722e-22
5.4313981e+00 9.8782440e-23
5.4481043e+00 9.7038289e-23
5.4648619e+00 9.5370563e-23
5.4816711e+00 9.3775334e-23
5.4985319e+00 9.2248724e-23
5.5154446e+00 9.0787035e-23
5.5324093e+00 8.9386781e-23
5.5494262e+00 8.8044704e-23
5.5664955e+00 8.6757632e-23
5.5836172e+00 8.5522548e-23
5.6007916e+00 8.4336602e-23
5.6180189e+00 8.3197125e-23
5.6352991e+00 8.2101553e-23
5.6526325e+00 8.1047452e-23
5.6700192e+00 8.0032524e-23
5.6874594e+00 7.9054612e-23
5.7049532e+00 7.8111664e-23
5.7225008e+00 7.7201740e-23
5.7401024e+00 7.6323008e-23
5.7577581e+00 7.5473748e-23
5.7754682e+00 7.4652335e-23
5.7932327e+00 7.3857239e-23
5.8110519e+00 7.3087016e-23
5.8289258e+00 7.2340308e-23
5.8468548e+00 7.1615841e-23
5.8648389e+00 7.0912419e-23
5.8828783e+00 7.0228917e-23
5.9009732e+00 6.9564273e-23
5.9191237e+00 6.8917495e-23
5.9373301e+00 6.8287658e-23
5.9555925e+00 6.7673890e-23
5.9739111e+00 6.7075370e-23
5.9922860e+00 6.6491332e-23
6.0107174e+00 6.5921063e-23
6.0292055e+00 6.5363897e-23
6.0477505e+00 6.4819201e-23
6.0663525e+00 6.4286388e-23
6.0850117e+00 6.3764915e-23
6.1037284e+00 6.3254273e-23
6.1225026e+00 6.2753982e-23
6.1413345e+00 6.2263594e-23
6.1602244e+00 6.1782699e-23
6.1791724e+00 6.1310913e-23
6.1981786e+00 6.0847873e-23
6.2172433e+00 6.0393243e-23
6.2363667e+00 5.9946715e-23
6.2555489e+00 5.9508004e-23
6.2747901e+00 5.9076839e-23
6.2940904e+00 5.8652972e-23
6.3134501e+00 5.8236176e-23
6.3328694e+00 5.7826244e-23
6.3523484e+00 5.7422978e-23
6.3718874e+00 5.7026200e-23
6.3914864e+00 5.6635748e-23
6.4111457e+00 5.6251475e-23
6.4308655e+00 5.5873247e-23
6.4506459e+00 5.5500939e-23
6.4704871e+00 5.5134445e-23
6.4903894e+00 5.4773669e-23
6.5103530e+00 5.4418526e-23
6.5303779e+00 5.4068940e-23
6.5504644e+00 5.3724851e-23
6.5706127e+00 5.3386208e-23
6.5908230e+00 5.3052970e-23
6.6110954e+00 5.2725106e-23
6.6314302e+00 5.2402597e-23
6.6518275e+00 5.2085434e-23
6.6722876e+00 5.1773621e-23
6.6928106e+00 5.1467166e-23
6.7133968e+00 5.1166096e-23
6.7340462e+00 5.0870444e-23
6.7547592e+00 5.0580258e-23
6.7755359e+00 5.0295593e-23
6.7963764e+00 5.0016523e-23
6.8172811e+00 4.9743130e-23
6.8382501e+00 4.9475514e-23
6.8592836e+00 4.9213786e-23
6.8803818e+00 4.8958073e-23
6.9015449e+00 4.8708523e-23
6.9227730e+00 4.8465298e-23
6.9440665e+00 4.8228580e-23
6.9654255e+00 4.7998573e-23
6.9868501e+00 4.7775504e-23
7.0083407e+00 4.7559626e-23
7.0298973e+00 4.7351217e-23
7.0515203e+00 4.7150587e-23
7.0732098e+00 4.6958079e-23
7.0949660e+00 4.6774073e-23
7.1167891e+00 4.6598990e-23
7.1386793e+00 4.6433296e-23
7.1606369e+00 4.6277508e-23
7.1826620e+00 4.6132200e-23
7.2047548e+00 4.5998008e-23
7.2269156e+00 4.5875643e-23
7.2491446e+00 4.5765892e-23
7.2714419e+00 4.5669638e-23
7.2938079e+00 4.5587866e-23
7.3162426e+00 4.5521676e-23
7.3387463e+00 4.5472308e-23
7.3613192e+00 4.5441154e-23
7.3839616e+00 4.5429782e-23
7.4066736e+00 4.5439967e-23
7.4294555e+00 4.5473720e-23
7.4523074e+00 4.5533330e-23
7.4752297e+00 4.5621405e-23
7.4982224e+00 4.5740932e-23
7.5212859e+00 4.5895343e-23
7.5444203e+00 4.6088594e-23
7.5676259e+00 4.6325270e-23
7.5909028e+00 4.6610703e-23
7.6142514e+00 4.6951126e-23
7.6376717e+00 4.7353863e-23
7.6611641e+00 4.7827569e-23
7.6847288e+00 4.8382532e-23
7.7083659e+00 4.9031066e-23
7.7320757e+00 4.9788010e-23
7.7558585e+00 5.0671395e-23
7.7797144e+00 5.1703317e-23
7.8036437e+00 5.2911116e-23
7.8276466e+00 5.4328993e-23
7.8517233e+00 5.6000241e-23
7.8758741e+00 5.7980430e-23
7.9000992e+00 6.0341995e-23
7.9243988e+00 6.3181069e-23
7.9487731e+00 6.6627916e-23
7.9732224e+00 7.0863403e-23
7.9977469e+00 7.6146059e-23
8.0223468e+00 8.2858576e-23
8.0470224e+00 9.1592337e-23
8.0717739e+00 1.0331197e-22
8.0966016e+00 1.1970498e-22
8.1215056e+00 1.4401527e-22
8.1464861e+00 1.8337663e-22
8.1715436e+00 2.5714382e-22
8.1966781e+00 4.4268551e-22
8.2218899e+00 1.7429597e-21
8.2471793e+00 8.6593733e-22
8.2725464e+00 3.4322225e-22
8.2979916e+00 2.1328352e-22
8.3235150e+00 1.5465960e-22
8.3491170e+00 1.2148462e-22
8.3747977e+00 1.0027258e-22
8.4005574e+00 8.5628980e-23
8.4263963e+00 7.4973308e-23
8.4523147e+00 6.6915584e-23
8.4783128e+00 6.0640710e-23
8.5043909e+00 5.5639131e-23
8.5305492e+00 5.1576010e-23
8.5567880e+00 4.8222364e-23
8.5831074e+00 4.5416416e-23
8.6095078e+00 4.3040739e-23
8.6359895e+00 4.1008143e-23
8.6625525e+00 3.9252625e-23
8.6891973e+00 3.7723389e-23
8.7159241e+00 3.6380774e-23
8.7427330e+00 3.5193423e-23
8.7696244e+00 3.4136268e-23
8.7965985e+00 3.3189068e-23
8.8236556e+00 3.2335338e-23
8.8507959e+00 3.1561541e-23
8.8780197e+00 3.0856482e-23
8.9053272e+00 3.0210841e-23
8.9327188e+00 2.9616811e-23
8.9601945e+00 2.9067816e-23
8.9877548e+00 2.8558288e-23
9.0153999e+00 2.8083488e-23
9.0431300e+00 2.7639366e-23
9.0709454e+00 2.7222444e-23
9.0988463e+00 2.6829725e-23
9.1268331e+00 2.6458616e-23
9.1549059e+00 2.6106865e-23
9.1830651e+00 2.5772508e-23
9.2113109e+00 2.5453831e-23
9.2396436e+00 2.5149327e-23
9.2680634e+00 2.4857674e-23
9.2965707e+00 2.4577703e-23
9.3251656e+00 2.4308383e-23
9.3538485e+00 2.4048795e-23
9.3826196e+00 2.3798127e-23
9.4114792e+00 2.3555651e-23
9.4404276e+00 2.3320720e-23
9.4694650e+00 2.3092752e-23
9.4985917e+00 2.2871226e-23
9.5278080e+00 2.2655673e-23
9.5571142e+00 2.2445671e-23
9.5865105e+00 2.2240838e-23
9.6159973e+00 2.2040829e-23
9.6455747e+00 2.1845332e-23
9.6752431e+00 2.1654062e-23
9.7050028e+00 2.1466761e-23
9.7348540e+00 2.1283193e-23
9.7647970e+00 2.1103145e-23
9.7948322e+00 2.0926419e-23
9.8249597e+00 2.0752835e-23
9.8551799e+00 2.0582228e-23
9.8854930e+00 2.0414448e-23
9.9158994e+00 2.0249354e-23
9.9463993e+00 2.0086818e-23
9.9769930e+00 1.9926721e-23
1.0007681e+01 1.9768955e-23
1.0038463e+01 1.9613418e-23
1.0069340e+01 1.9460016e-23
1.0100312e+01 1.9308662e-23
1.0131379e+01 1.9159276e-23
1.0162542e+01 1.9011782e-23
1.0193800e+01 1.8866109e-23
1.0225155e+01 1.8722194e-23
1.0256606e+01 1.8579975e-23
1.0288154e+01 1.8439395e-23
1.0319799e+01 1.8300400e-23
1.0351541e+01 1.8162941e-23
1.0383381e+01 1.8026972e-23
1.0415319e+01 1.7892447e-23
1.0447355e+01 1.7759326e-23
1.0479489e+01 1.7627570e-23
1.0511723e+01 1.7497141e-23
1.0544055e+01 1.7368007e-23
1.0576487e+01 1.7240133e-23
1.0609019e+01 1.7113489e-23
1.0641651e+01 1.6988046e-23
1.0674383e+01 1.6863776e-23
1.0707216e+01 1.6740652e-23
1.0740150e+01 1.6618651e-23
1.0773185e+01 1.6497748e-23
1.0806322e+01 1.6377921e-23
1.0839560e+01 1.6259147e-23
1.0872901e+01 1.6141408e-23
1.0906345e+01 1.6024683e-23
1.0939891e+01 1.5908954e-23
1.0973541e+01 1.5794203e-23
1.1007294e+01 1.5680412e-23
1.1041151e+01 1.5567567e-23
1.1075112e+01 1.5455650e-23
1.1109177e+01 1.5344647e-23
1.1143347e+01 1.5234544e-23
1.1177623e+01 1.5125327e-23
1.1212004e+01 1.5016982e-23
1.1246490e+01 1.4909497e-23
1.1281083e+01 1.4802860e-23
1.1315782e+01 1.4697058e-23
1.1350587e+01 1.4592080e-23
1.1385500e+01 1.4487915e-23
1.1420520e+01 1.4384552e-23
1.1455648e+01 1.4281982e-23
1.1490884e+01 1.4180193e-23
1.1526229e+01 1.4079177e-23
1.1561682e+01 1.3978923e-23
1.1597244e+01 1.3879423e-23
1.1632915e+01 1.3780669e-23
1.1668696e+01 1.3682650e-23
1.1704588e+01 1.3585359e-23
1.1740589e+01 1.3488789e-23
1.1776702e+01 1.3392930e-23
1.1812925e+01 1.3297776e-23
1.1849260e+01 1.3203318e-23
1.1885707e+01 1.3109550e-23
1.1922265e+01 1.3016465e-23
1.1958937e+01 1.2924055e-23
1.1995721e+01 1.2832313e-23
1.2032618e+01 1.2741234e-23
1.2069628e+01 1.2650810e-23
1.2106753e+01 1.2561036e-23
1.2143991e+01 1.2471905e-23
1.2181345e+01 1.2383410e-23
1.2218813e+01 1.2295547e-23
1.2256396e+01 1.2208309e-23
1.2294095e+01 1.2121691e-23
1.2331910e+01 1.2035687e-23
1.2369841e+01 1.1950292e-23
1.2407889e+01 1.1865499e-23
1.2446054e+01 1.1781305e-23
1.2484336e+01 1.1697703e-23
1.2522736e+01 1.1614690e-23
1.2561254e+01 1.1532258e-23
1.2599891e+01 1.1450405e-23
1.2638646e+01 1.1369125e-23
1.2677521e+01 1.1288413e-23
1.2716515e+01 1.1208264e-23
1.2755630e+01 1.1128674e-23
1.2794864e+01 1.1049639e-23
1.2834219e+01 1.0971154e-23
1.2873696e+01 1.0893215e-23
1.2913293e+01 1.0815816e-23
1.2953013e+01 1.0738955e-23
1.2992854e+01 1.0662627e-23
1.3032818e+01 1.0586827e-23
1.3072906e+01 1.0511552e-23
1.3113116e+01 1.0436797e-23
1.3153450e+01 1.0362560e-23
1.3193908e+01 1.0288834e-23
1.3234491e+01 1.0215618e-23
1.3275198e+01 1.0142907e-23
1.3316031e+01 1.0070696e-23
1.3356989e+01 9.9989837e-24
1.3398073e+01 9.9277649e-24
1.3439284e+01 9.8570362e-24
1.3480621e+01 9.7867941e-24
1.3522086e+01 9.7170351e-24
1.3563678e+01 9.6477556e-24
1.3605398e+01 9.5789521e-24
1.3647246e+01 9.5106213e-24
1.3689223e+01 9.4427596e-24
1.3731329e+01 9.3753639e-24
1.3773565e+01 9.3084307e-24
1.3815930e+01 9.2419568e-24
1.3858426e+01 9.1759389e-24
1.3901052e+01 9.1103737e-24
1.3943810e+01 9.0452582e-24
1.3986699e+01 8.9805892e-24
1.4029720e+01 8.9163635e-24
1.4072874e+01 8.8525781e-24
1.4116160e+01 8.7892298e-24
1.4159579e+01 8.7263157e-24
1.4203132e+01 8.6638328e-24
1.4246819e+01 8.6017781e-24
1.4290640e+01 8.5401487e-24
1.4334596e+01 8.4789416e-24
1.4378687e+01 8.4181539e-24
1.4422914e+01 8.3577829e-24
1.4467277e+01 8.2978256e-24
1.4511776e+01 8.2382792e-24
1.4556412e+01 8.1791410e-24
1.4601186e+01 8.1204082e-24
1.4646097e+01 8.0620781e-24
1.4691146e+01 8.0041480e-24
1.4736334e+01 7.9466151e-24
1.4781661e+01 7.8894768e-24
1.4827127e+01 7.8327305e-24
1.4872734e+01 7.7763735e-24
1.4918480e+01 7.7204032e-24
1.4964367e+01 7.6648172e-24
1.5010395e+01 7.6096127e-24
1.5056565e+01 7.5547873e-24
1.5102877e+01 7.5003385e-24
1.5149331e+01 7.4462638e-24
1.5195929e+01 7.3925607e-24
1.5242669e+01 7.3392267e-24
1.5289553e+01 7.2862594e-24
1.5336582e+01 7.2336564e-24
1.5383755e+01 7.1814153e-24
1.5431073e+01 7.1295338e-24
1.5478537e+01 7.0780094e-24
1.5526147e+01 7.0268399e-24
1.5573903e+01 6.9760228e-24
1.5621806e+01 6.9255560e-24
1.5669857e+01 6.8754371e-24
1.5718055e+01 6.8256638e-24
1.5766401e+01 6.7762339e-24
1.5814897e+01 6.7271452e-24
1.5863541e+01 6.6783954e-24
1.5912335e+01 6.6299824e-24
1.5961279e+01 6.5819039e-24
1.6010374e+01 6.5341578e-24
1.6059619e+01 6.4867419e-24
1.6109016e+01 6.4396541e-24
1.6158565e+01 6.3928923e-24
1.6208267e+01 6.3464544e-24
1.6258121e+01 6.3003382e-24
1.6308129e+01 6.2545417e-24
1.6358290e+01 6.2090628e-24
1.6408606e+01 6.1638995e-24
1.6459077e+01 6.1190498e-24
1.6509702e+01 6.0745116e-24
1.6560484e+01 6.0302829e-24
1.6611422e+01 5.9863618e-24
1.6662516e+01 5.9427462e-24
1.6713768e+01 5.8994341e-24
1.6765177e+01 5.8564238e-24
1.6816744e+01 5.8137131e-24
1.6868470e+01 5.7713002e-24
1.6920355e+01 5.7291832e-24
1.6972400e+01 5.6873602e-24
1.7024604e+01 5.6458293e-24
1.7076970e+01 5.6045886e-24
1.7129496e+01 5.5636363e-24
1.7182184e+01 5.5229704e-24
1.7235034e+01 5.4825893e-24
1.7288046e+01 5.4424911e-24
1.7341222e+01 5.4026739e-24
1.7394561e+01 5.3631359e-24
1.7448064e+01 5.3238755e-24
1.7501732e+01 5.2848907e-24
1.7555565e+01 5.2461799e-24
1.7609563e+01 5.2077413e-24
1.7663728e+01 5.1695731e-24
1.7718059e+01 5.1316737e-24
1.7772557e+01 5.0940413e-24
1.7827223e+01 5.0566742e-24
1.7882057e+01 5.0195707e-24
1.7937060e+01 4.9827292e-24
1.7992231e+01 4.9461480e-24
1.8047573e+01 4.9098253e-24
1.8103085e+01 4.8737596e-24
1.8158767e+01 4.8379493e-24
1.8214621e+01 4.8023926e-24
1.8270647e+01 4.7670881e-24
1.8326845e+01 4.7320340e-24
1.8383215e+01 4.6972288e-24
1.8439759e+01 4.6626708e-24
1.8496478e+01 4.6283586e-24
1.8553370e+01 4.5942906e-24
1.8610438e+01 4.5604651e-24
1.8667681e+01 4.5268807e-24
1.8725100e+01 4.4935359e-24
1.8782696e+01 4.4604290e-24
1.8840468e+01 4.4275585e-24
1.8898419e+01 4.3949231e-24
1.8956548e+01 4.3625211e-24
1.9014856e+01 4.3303511e-24
1.9073343e+01 4.2984116e-24
1.9132009e+01 4.2667012e-24
1.9190857e+01 4.2352183e-24
1.9249885e+01 4.2039615e-24
1.9309095e+01 4.1729295e-24
1.9368487e+01 4.1421207e-24
1.9428062e+01 4.1115337e-24
1.9487820e+01 4.0811671e-24
1.9547762e+01 4.0510195e-24
1.9607888e+01 4.0210896e-24
1.9668199e+01 3.9913758e-24
1.9728695e+01 3.9618770e-24
1.9789378e+01 3.9325916e-24
1.9850247e+01 3.9035182e-24
1.9911304e+01 3.8746557e-24
1.9972548e+01 3.8460026e-24
2.0033981e+01 3.8175575e-24
2.0095603e+01 3.7893192e-24
2.0157414e+01 3.7612863e-24
2.0219415e+01 3.7334575e-24
2.0281607e+01 3.7058315e-24
2.0343991e+01 3.6784071e-24
2.0406566e+01 3.6511828e-24
2.0469333e+01 3.6241575e-24
2.0532294e+01 3.5973299e-24
2.0595449e+01 3.5706986e-24
2.0658797e+01 3.5442625e-24
2.0722341e+01 3.5180203e-24
2.0786080e+01 3.4919708e-24
2.0850015e+01 3.4661127e-24
2.0914147e+01 3.4404447e-24
2.0978475e+01 3.4149658e-24
2.1043002e+01 3.3896746e-24
2.1107728e+01 3.3645699e-24
2.1172652e+01 3.3396507e-24
2.1237776e+01 3.3149156e-24
2.1303100e+01 3.2903634e-24
2.1368626e+01 3.2659931e-24
2.1434353e+01 3.2418034e-24
2.1500282e+01 3.2177933e-24
2.1566413e+01 3.1939614e-24
2.1632749e+01 3.1703067e-24
2.1699288e+01 3.1468281e-24
2.1766032e+01 3.1235244e-24
2.1832981e+01 3.1003944e-24
2.1900136e+01 3.0774371e-24
2.1967498e+01 3.0546514e-24
2.2035067e+01 3.0320361e-24
2.2102844e+01 3.0095902e-24
2.2170829e+01 2.9873125e-24
2.2239023e+01 2.9652019e-24
2.2307427e+01 2.9432575e-24
2.2376042e+01 2.9214780e-24
2.2444867e+01 2.8998625e-24
2.2513904e+01 2.8784099e-24
2.2583154e+01 2.8571191e-24
2.2652617e+01 2.8359891e-24
2.2722293e+01 2.8150189e-24
2.2792183e+01 2.7942073e-24
2.2862289e+01 2.7735535e-24
2.2932610e+01 2.7530562e-24
2.3003147e+01 2.7327147e-24
2.3073902e+01 2.7125277e-24
2.3144874e+01 2.6924944e-24
2.3216064e+01 2.6726137e-24
2.3287474e+01 2.6528846e-24
2.3359102e+01 2.6333062e-24
2.3430952e+01 2.6138774e-24
2.3503022e+01 2.5945974e-24
2.3575314e+01 2.5754650e-24
2.3647828e+01 2.5564794e-24
2.3720566e+01 2.5376397e-24
2.3793527e+01 2.5189447e-24
2.3866712e+01 2.5003937e-24
2.3940123e+01 2.4819857e-24
2.4013759e+01 2.4637196e-24
2.4087622e+01 2.4455947e-24
2.4161712e+01 2.4276100e-24
2.4236030e+01 2.4097645e-24
2.4310577e+01 2.3920574e-24
2.4385353e+01 2.3744877e-24
2.4460359e+01 2.3570545e-24
2.4535595e+01 2.3397570e-24
2.4611063e+01 2.3225942e-24
2.4686763e+01 2.3055653e-24
2.4762696e+01 2.2886694e-24
2.4838863e+01 2.2719056e-24
2.4915264e+01 2.2552730e-24
2.4991900e+01 2.2387709e-24
2.5068771e+01 2.2223982e-24
2.5145879e+01 2.2061542e-24
2.5223224e+01 2.1900380e-24
2.5300807e+01 2.1740487e-24
2.5378629e+01 2.1581856e-24
2.5456690e+01 2.1424478e-24
2.5534991e+01 2.1268345e-24
2.5613533e+01 2.1113448e-24
2.5692317e+01 2.0959779e-24
2.5771343e+01 2.0807330e-24
2.5850612e+01 2.0656093e-24
2.5930124e+01 2.0506060e-24
2.6009882e+01 2.0357223e-24
2.6089885e+01 2.0209573e-24
2.6170133e+01 2.0063104e-24
2.6250629e+01 1.9917807e-24
2.6331372e+01 1.9773674e-24
2.6412364e+01 1.9630698e-24
2.6493604e+01 1.9488870e-24
2.6575095e+01 1.9348184e-24
2.6656836e+01 1.9208631e-24
2.6738829e+01 1.9070204e-24
2.6821074e+01 1.8932895e-24
2.6903571e+01 1.8796697e-24
2.6986323e+01 1.8661603e-24
2.7069329e+01 1.8527604e-24
2.7152591e+01 1.8394694e-24
2.7236108e+01 1.8262865e-24
2.7319882e+01 1.8132111e-24
2.7403915e+01 1.8002423e-24
2.7488205e+01 1.7873794e-24
2.7572755e+01 1.7746218e-24
2.7657565e+01 1.7619687e-24
2.7742636e+01 1.7494194e-24
2.7827968e+01 1.7369733e-24
2.7913563e+01 1.7246295e-24
2.7999421e+01 1.7123875e-24
2.8085543e+01 1.7002464e-24
2.8171930e+01 1.6882058e-24
2.8258583e+01 1.6762647e-24
2.8345503e+01 1.6644227e-24
2.8432689e+01 1.6526789e-24
2.8520144e+01 1.6410328e-24
2.8607868e+01 1.6294836e-24
2.8695862e+01 1.6180307e-24
2.8784126e+01 1.6066735e-24
2.8872662e+01 1.5954112e-24
2.8961470e+01 1.5842432e-24
2.9050552e+01 1.5731689e-24
2.9139907e+01 1.5621877e-24
2.9229537e+01 1.5512988e-24
2.9319443e+01 1.5405017e-24
2.9409626e+01 1.5297957e-24
2.9500085e+01 1.5191801e-24
2.9590824e+01 1.5086545e-24
2.9681841e+01 1.4982180e-24
2.9773138e+01 1.4878702e-24
2.9864716e+01 1.4776103e-24
2.9956575e+01 1.4674379e-24
3.0048718e+01 1.4573522e-24
3.0141143e+01 1.4473526e-24
3.0233853e+01 1.4374387e-24
3.0326848e+01 1.4276096e-24
3.0420129e+01 1.4178650e-24
3.0513697e+01 1.4082041e-24
3.0607553e+01 1.3986264e-24
3.0701697e+01 1.3891313e-24
3.0796131e+01 1.3797182e-24
3.0890856e+01 1.3703865e-24
3.0985872e+01 1.3611357e-24
3.1081180e+01 1.3519652e-24
3.1176781e+01 1.3428743e-24
3.1272677e+01 1.3338627e-24
3.1368867e+01 1.3249295e-24
3.1465353e+01 1.3160745e-24
3.1562136e+01 1.3072968e-24
3.1659217e+01 1.2985961e-24
3.1756596e+01 1.2899717e-24
3.1854275e+01 1.2814231e-24
3.1952254e+01 1.2729498e-24
3.2050535e+01 1.2645512e-24
3.2149118e+01 1.2562268e-24
3.2248004e+01 1.2479760e-24
3.2347194e+01 1.2397983e-24
3.2446689e+01 1.2316932e-24
3.2546491e+01 1.2236601e-24
3.2646599e+01 1.2156985e-24
3.2747015e+01 1.2078080e-24
3.2847741e+01 1.1999879e-24
3.2948776e+01 1.1922377e-24
3.3050121e+01 1.1845570e-24
3.3151779e+01 1.1769452e-24
3.3253749e+01 1.1694019e-24
3.3356033e+01 1.1619265e-24
3.3458631e+01 1.1545184e-24
3.3561545e+01 1.1471773e-24
3.3664776e+01 1.1399026e-24
3.3768324e+01 1.1326938e-24
3.3872190e+01 1.1255504e-24
3.3976376e+01 1.1184720e-24
3.4080883e+01 1.1114580e-24
3.4185711e+01 1.1045080e-24
3.4290861e+01 1.0976214e-24
3.4396335e+01 1.0907978e-24
3.4502133e+01 1.0840368e-24
3.4608257e+01 1.0773378e-24
3.4714707e+01 1.0707003e-24
3.4821485e+01 1.0641240e-24
3.4928590e+01 1.0576083e-24
3.5036026e+01 1.0511527e-24
3.5143792e+01 1.0447569e-24
3.5251889e+01 1.0384202e-24
3.5360319e+01 1.0321424e-24
3.5469082e+01 1.0259229e-24
3.5578180e+01 1.0197613e-24
3.5687613e+01 1.0136571e-24
3.5797383e+01 1.0076098e-24
3.5907491e+01 1.0016191e-24
3.6017937e+01 9.9568449e-25
3.6128724e+01 9.8980550e-25
3.6239850e+01 9.8398170e-25
3.6351319e+01 9.7821267e-25
3.6463130e+01 9.7249797e-25
3.6575286e+01 9.6683715e-25
3.6687786e+01 9.6122980e-25
3.6800633e+01 9.5567548e-25
3.6913826e+01 9.5017378e-25
3.7027368e+01 9.4472425e-25
3.7141259e+01 9.3932648e-25
3.7255500e+01 9.3398006e-25
3.7370093e+01 9.2868456e-25
3.7485038e+01 9.2343957e-25
3.7600336e+01 9.1824467e-25
3.7715990e+01 9.1309946e-25
3.7831999e+01 9.0800352e-25
3.7948365e+01 9.0295645e-25
3.8065088e+01 8.9795785e-25
3.8182171e+01 8.9300730e-25
3.8299614e+01 8.8810441e-25
3.8417418e+01 8.8324879e-25
3.8535585e+01 8.7844003e-25
3.8654115e+01 8.7367774e-25
3.8773009e+01 8.6896152e-25
3.8892270e+01 8.6429100e-25
3.9011897e+01 8.5966578e-25
3.9131892e+01 8.5508547e-25
3.9252256e+01 8.5054969e-25
3.9372990e+01 8.4605805e-25
3.9494096e+01 8.4161019e-25
3.9615574e+01 8.3720572e-25
3.9737426e+01 8.3284426e-25
3.9859653e+01 8.2852544e-25
3.9982255e+01 8.2424888e-25
4.0105235e+01 8.2001423e-25
4.0228593e+01 8.1582111e-25
4.0352331e+01 8.1166915e-25
4.0476449e+01 8.0755800e-25
4.0600948e+01 8.0348728e-25
4.0725831e+01 7.9945665e-25
4.0851098e+01 7.9546573e-25
4.0976750e+01 7.9151418e-25
4.1102789e+01 7.8760165e-25
4.1229215e+01 7.8372777e-25
4.1356030e+01 7.7989221e-25
4.1483236e+01 7.7609460e-25
4.1610832e+01 7.7233462e-25
4.1738821e+01 7.6861191e-25
4.1867204e+01 7.6492613e-25
4.1995982e+01 7.6127694e-25
4.2125155e+01 7.5766401e-25
4.2254726e+01 7.5408699e-25
4.2384696e+01 7.5054555e-25
4.2515065e+01 7.4703937e-25
4.2645835e+01 7.4356811e-25
4.2777008e+01 7.4013145e-25
4.2908584e+01 7.3672905e-25
4.3040565e+01 7.3336059e-25
4.3172951e+01 7.3002576e-25
4.3305745e+01 7.2672423e-25
4.3438947e+01 7.2345568e-25
4.3572559e+01 7.2021979e-25
4.3706582e+01 7.1701626e-25
4.3841018e+01 7.1384477e-25
4.3975866e+01 7.1070501e-25
4.4111130e+01 7.0759668e-25
4.4246810e+01 7.0451946e-25
4.4382906e+01 7.0147304e-25
4.4519422e+01 6.9845714e-25
4.4656357e+01 6.9547145e-25
4.4793714e+01 6.9251567e-25
4.4931493e+01 6.8958950e-25
4.5069696e+01 6.8669265e-25
4.5208324e+01 6.8382482e-25
4.5347378e+01 6.8098573e-25
4.5486860e+01 6.7817509e-25
4.5626772e+01 6.7539261e-25
4.5767113e+01 6.7263801e-25
4.5907886e+01 6.6991100e-25
4.6049092e+01 6.6721130e-25
4.6190733e+01 6.6453864e-25
4.6332809e+01 6.6189274e-25
4.6475322e+01 6.5927331e-25
4.6618273e+01 6.5668010e-25
4.6761665e+01 6.5411283e-25
4.6905497e+01 6.5157122e-25
4.7049772e+01 6.4905502e-25
4.7194490e+01 6.4656396e-25
4.7339654e+01 6.4409777e-25
4.7485264e+01 6.4165620e-25
4.7631321e+01 6.3923898e-25
4.7777829e+01 6.3684587e-25
4.7924786e+01 6.3447659e-25
4.8072196e+01 6.3213091e-25
4.8220060e+01 6.2980856e-25
4.8368378e+01 6.2750930e-25
4.8517152e+01 6.2523289e-25
4.8666384e+01 6.2297907e-25
4.8816075e+01 6.2074761e-25
4.8966226e+01 6.1853826e-25
4.9116839e+01 6.1635078e-25
4.9267916e+01 6.1418494e-25
4.9419457e+01 6.1204050e-25
4.9571464e+01 6.0991722e-25
4.9723939e+01 6.0781488e-25
4.9876882e+01 6.0573324e-25
5.0030297e+01 6.0367208e-25
5.0184183e+01 6.0163117e-25
5.0338542e+01 5.9961029e-25
5.0493376e+01 5.9760921e-25
5.0648687e+01 5.9562771e-25
5.0804475e+01 5.9366559e-25
5.0960742e+01 5.9172261e-25
5.1117490e+01 5.8979856e-25
5.1274720e+01 5.8789324e-25
5.1432434e+01 5.8600644e-25
5.1590633e+01 5.8413793e-25
5.1749319e+01 5.8228752e-25
5.1908492e+01 5.8045500e-25
5.2068155e+01 5.7864017e-25
5.2228309e+01 5.7684283e-25
5.2388956e+01 5.7506278e-25
5.2550097e+01 5.7329981e-25
5.2711734e+01 5.7155374e-25
5.2873868e+01 5.6982436e-25
5.3036500e+01 5.6811150e-25
5.3199633e+01 5.6641495e-25
5.3363268e+01 5.6473453e-25
5.3527405e+01 5.6307005e-25
5.3692048e+01 5.6142134e-25
5.3857197e+01 5.5978819e-25
5.4022854e+01 5.5817044e-25
5.4189021e+01 5.5656790e-25
5.4355699e+01 5.5498040e-25
5.4522889e+01 5.5340775e-25
5.4690594e+01 5.5184980e-25
5.4858814e+01 5.5030635e-25
5.5027552e+01 5.4877725e-25
5.5196809e+01 5.4726232e-25
5.5366587e+01 5.4576140e-25
5.5536886e+01 5.4427432e-25
5.5707710e+01 5.4280091e-25
5.5879059e+01 5.4134102e-25
5.6050935e+01 5.3989449e-25
5.6223340e+01 5.3846115e-25
5.6396275e+01 5.3704084e-25
5.6569742e+01 5.3563342e-25
5.6743742e+01 5.3423873e-25
5.6918278e+01 5.3285662e-25
5.7093350e+01 5.3148693e-25
5.7268961e+01 5.3012952e-25
5.7445113e+01 5.2878424e-25
5.7621806e+01 5.2745094e-25
5.7799042e+01 5.2612948e-25
5.7976824e+01 5.2481972e-25
5.8155152e+01 5.2352152e-25
5.8334029e+01 5.2223474e-25
5.8513456e+01 5.2095923e-25
5.8693435e+01 5.1969487e-25
5.8873968e+01 5.1844151e-25
5.9055056e+01 5.1719903e-25
5.9236701e+01 5.1596729e-25
5.9418905e+01 5.1474617e-25
5.9601669e+01 5.1353553e-25
5.9784995e+01 5.1233525e-25
5.9968885e+01 5.1114519e-25
6.0153341e+01 5.0996525e-25
6.0338364e+01 5.0879528e-25
6.0523956e+01 5.0763518e-25
6.0710119e+01 5.0648482e-25
6.0896855e+01 5.0534409e-25
6.1084165e+01 5.0421286e-25
6.1272051e+01 5.0309101e-25
6.1460516e+01 5.0197845e-25
6.1649559e+01 5.0087504e-25
6.1839185e+01 4.9978069e-25
6.2029393e+01 4.9869527e-25
6.2220187e+01 4.9761869e-25
6.2411567e+01 4.9655083e-25
6.2603536e+01 4.9549158e-25
6.2796096e+01 4.9444084e-25
6.2989248e+01 4.9339851e-25
6.3182994e+01 4.9236448e-25
6.3377336e+01 4.9133866e-25
6.3572275e+01 4.9032094e-25
6.3767815e+01 4.8931122e-25
6.3963955e+01 4.8830940e-25
6.4160699e+01 4.8731540e-25
6.4358049e+01 4.8632910e-25
6.4556005e+01 4.8535043e-25
6.4754570e+01 4.8437928e-25
6.4953746e+01 4.8341557e-25
6.5153534e+01 4.8245920e-25
6.5353937e+01 4.8151008e-25
6.5554957e+01 4.8056813e-25
6.5756594e+01 4.7963325e-25
6.5958852e+01 4.7870537e-25
6.6161732e+01 4.7778440e-25
6.6365237e+01 4.7687024e-25
6.6569367e+01 4.7596283e-25
6.6774125e+01 4.7506208e-25
6.6979512e+01 4.7416790e-25
6.7185532e+01 4.7328022e-25
6.7392185e+01 4.7239896e-25
6.7599474e+01 4.7152404e-25
6.7807400e+01 4.7065539e-25
6.8015966e+01 4.6979292e-25
6.8225173e+01 4.6893657e-25
6.8435024e+01 4.6808626e-25
6.8645521e+01 4.6724192e-25
6.8856665e+01 4.6640347e-25
6.9068458e+01 4.6557085e-25
6.9280903e+01 4.6474398e-25
6.9494001e+01 4.6392280e-25
6.9707755e+01 4.6310724e-25
6.9922166e+01 4.6229723e-25
7.0137236e+01 4.6149270e-25
7.0352969e+01 4.6069359e-25
7.0569364e+01 4.5989984e-25
7.0786426e+01 4.5911138e-25
7.1004155e+01 4.5832815e-25
7.1222553e+01 4.5755008e-25
7.1441624e+01 4.5677712e-25
7.1661368e+01 4.5600921e-25
7.1881788e+01 4.5524628e-25
7.2102886e+01 4.5448827e-25
7.2324665e+01 4.5373514e-25
7.2547125e+01 4.5298682e-25
7.2770270e+01 4.5224326e-25
7.2994101e+01 4.5150439e-25
7.3218620e+01 4.5077018e-25
7.3443830e+01 4.5004055e-25
7.3669733e+01 4.4931547e-25
7.3896331e+01 4.4859487e-25
7.4123625e+01 4.4787870e-25
7.4351619e+01 4.4716692e-25
7.4580314e+01 4.4645947e-25
7.4809713e+01 4.4575631e-25
7.5039817e+01 4.4505737e-25
7.5270628e+01 4.4436263e-25
7.5502150e+01 4.4367202e-25
7.5734384e+01 4.4298551e-25
7.5967332e+01 4.4230304e-25
7.6200997e+01 4.4162457e-25
7.6435380e+01 4.4095006e-25
7.6670485e+01 4.4027946e-25
7.6906312e+01 4.3961272e-25
7.7142865e+01 4.3894981e-25
7.7380146e+01 4.3829068e-25
7.7618156e+01 4.3763529e-25
7.7856898e+01 4.3698360e-25
7.8096375e+01 4.3633556e-25
7.8336589e+01 4.3569114e-25
7.8577541e+01 4.3505030e-25
7.8819234e+01 4.3441300e-25
7.9061671e+01 4.3377920e-25
7.9304853e+01 4.3314886e-25
7.9548784e+01 4.3252194e-25
7.9793465e+01 4.3189842e-25
8.0038898e+01 4.3127824e-25
8.0285086e+01 4.3066139e-25
8.0532032e+01 4.3004781e-25
8.0779737e+01 4.2943748e-25
8.1028204e+01 4.2883036e-25
8.1277435e+01 4.2822642e-25
8.1527433e+01 4.2762563e-25
8.1778200e+01 4.2702794e-25
8.2029738e+01 4.2643334e-25
8.2282050e+01 4.2584179e-25
8.2535138e+01 4.2525325e-25
8.2789004e+01 4.2466770e-25
8.3043651e+01 4.2408510e-25
8.3299082e+01 4.2350543e-25
8.3555298e+01 4.2292865e-25
8.3812302e+01 4.2235474e-25
8.4070097e+01 4.2178367e-25
8.4328684e+01 4.2121541e-25
8.4588067e+01 4.2064993e-25
8.4848248e+01 4.2008721e-25
8.5109230e+01 4.1952721e-25
8.5371013e+01 4.1896991e-25
8.5633603e+01 4.1841529e-25
8.5896999e+01 4.1786332e-25
8.6161206e+01 4.1731397e-25
8.6426226e+01 4.1676721e-25
8.6692061e+01 4.1622303e-25
8.6958713e+01 4.1568140e-25
8.7226186e+01 4.1514230e-25
8.7494481e+01 4.1460569e-25
8.7763602e+01 4.1407156e-25
8.8033550e+01 4.1353989e-25
8.8304329e+01 4.1301065e-25
8.8575940e+01 4.1248382e-25
8.8848387e+01 4.1195938e-25
8.9121672e+01 4.1143730e-25
8.9395798e+01 4.1091757e-25
8.9670767e+01 4.1040016e-25
8.9946581e+01 4.0988506e-25
9.0223244e+01 4.0937224e-25
9.0500758e+01 4.0886168e-25
9.0779126e+01 4.0835337e-25
9.1058349e+01 4.0784728e-25
9.1338432e+01 4.0734339e-25
9.1619376e+01 4.0684169e-25
9.1901184e+01 4.0634216e-25
9.2183859e+01 4.0584477e-25
9.2467404e+01 4.0534952e-25
9.2751820e+01 4.0485638e-25
9.3037112e+01 4.0436534e-25
9.3323280e+01 4.0387637e-25
9.3610330e+01 4.0338947e-25
9.3898262e+01 4.0290461e-25
9.4187079e+01 4.0242178e-25
9.4476786e+01 4.0194097e-25
9.4767383e+01 4.0146215e-25
9.5058874e+01 4.0098531e-25
9.5351261e+01 4.0051043e-25
9.5644548e+01 4.0003751e-25
9.5938737e+01 3.9956652e-25
9.6233831e+01 3.9909745e-25
9.6529833e+01 3.9863029e-25
9.6826745e+01 3.9816502e-25
9.7124570e+01 3.9770163e-25
9.7423312e+01 3.9724010e-25
9.7722972e+01 3.9678042e-25
9.8023554e+01 3.9632258e-25
9.8325060e+01 3.9586657e-25
9.8627494e+01 3.9541236e-25
9.8930858e+01 3.9495995e-25
9.9235156e+01 3.9450933e-25
9.9540389e+01 3.9406048e-25
9.9846561e+01 3.9361339e-25
1.0015367e+02 3.9316805e-25
1.0046173e+02 3.9272444e-25
1.0077074e+02 3.9228257e-25
1.0108070e+02 3.9184240e-25
1.0139161e+02 3.9140394e-25
1.0170347e+02 3.9096717e-25
1.0201630e+02 3.9053208e-25
1.0233008e+02 3.9009866e-25
1.0264484e+02 3.8966691e-25
1.0296056e+02 3.8923680e-25
1.0327725e+02 3.8880833e-25
1.0359492e+02 3.8838148e-25
1.0391356e+02 3.8795626e-25
1.0423318e+02 3.8753265e-25
1.0455379e+02 3.8711064e-25
1.0487538e+02 3.8669021e-25
1.0519796e+02 3.8627137e-25
1.0552154e+02 3.8585410e-25
1.0584611e+02 3.8543840e-25
1.0617168e+02 3.8502424e-25
1.0649824e+02 3.8461164e-25
1.0682582e+02 3.8420057e-25
1.0715440e+02 3.8379103e-25
1.0748399e+02 3.8338301e-25
1.0781460e+02 3.8297650e-25
1.0814622e+02 3.8257150e-25
1.0847886e+02 3.8216800e-25
1.0881253e+02 3.8176598e-25
1.0914722e+02 3.8136545e-25
1.0948294e+02 3.8096639e-25
1.0981969e+02 3.8056880e-25
1.1015748e+02 3.8017266e-25
1.1049631e+02 3.7977798e-25
1.1083618e+02 3.7938475e-25
1.1117710e+02 3.7899295e-25
1.1151906e+02 3.7860259e-25
1.1186208e+02 3.7821365e-25
1.1220615e+02 3.7782614e-25
1.1255128e+02 3.7744003e-25
1.1289747e+02 3.7705533e-25
1.1324473e+02 3.7667204e-25
1.1359306e+02 3.7629014e-25
1.1394245e+02 3.7590962e-25
1.1429292e+02 3.7553049e-25
1.1464447e+02 3.7515274e-25
1.1499710e+02 3.7477636e-25
1.1535082e+02 3.7440134e-25
1.1570562e+02 3.7402769e-25
1.1606151e+02 3.7365539e-25
1.1641850e+02 3.7328445e-25
1.1677659e+02 3.7291485e-25
1.1713578e+02 3.7254658e-25
1.1749607e+02 3.7217966e-25
1.1785747e+02 3.7181407e-25
1.1821998e+02 3.7144980e-25
1.1858361e+02 3.7108685e-25
1.1894836e+02 3.7072522e-25
1.1931423e+02 3.7036491e-25
1.1968122e+02 3.7000590e-25
1.2004934e+02 3.6964820e-25
1.2041860e+02 3.6929179e-25
1.2078899e+02 3.6893668e-25
1.2116052e+02 3.6858287e-25
1.2153319e+02 3.6823034e-25
1.2190701e+02 3.6787910e-25
1.2228198e+02 3.6752914e-25
1.2265810e+02 3.6718045e-25
1.2303538e+02 3.6683304e-25
1.2341382e+02 3.6648689e-25
1.2379342e+02 3.6614202e-25
1.2417419e+02 3.6579840e-25
1.2455613e+02 3.6545605e-25
1.2493925e+02 3.6511495e-25
1.2532355e+02 3.6477511e-25
1.2570902e+02 3.6443652e-25
1.2609569e+02 3.6409917e-25
1.2648354e+02 3.6376307e-25
1.2687259e+02 3.6342821e-25
1.2726283e+02 3.6309459e-25
1.2765427e+02 3.6276220e-25
1.2804692e+02 3.6243105e-25
1.2844077e+02 3.6210113e-25
1.2883584e+02 3.6177244e-25
1.2923212e+02 3.6144497e-25
1.2962962e+02 3.6111873e-25
1.3002834e+02 3.6079371e-25
1.3042829e+02 3.6046991e-25
1.3082947e+02 3.6014732e-25
1.3123188e+02 3.5982595e-25
1.3163553e+02 3.5950580e-25
1.3204042e+02 3.5918685e-25
1.3244656e+02 3.5886911e-25
1.3285395e+02 3.5855258e-25
1.3326259e+02 3.5823725e-25
1.3367248e+02 3.5792313e-25
1.3408364e+02 3.5761021e-25
1.3449606e+02 3.5729849e-25
1.3490975e+02 3.5698797e-25
1.3532472e+02 3.5667864e-25
1.3574096e+02 3.5637051e-25
1.3615848e+02 3.5606357e-25
1.3657728e+02 3.5575783e-25
1.3699737e+02 3.5545328e-25
1.3741876e+02 3.5514991e-25
1.3784144e+02 3.5484774e-25
1.3826542e+02 3.5454675e-25
1.3869070e+02 3.5424695e-25
1.3911730e+02 3.5394834e-25
1.3954520e+02 3.5365091e-25
1.3997442e+02 3.5335466e-25
1.4040496e+02 3.5305960e-25
1.4083683e+02 3.5276571e-25
1.4127002e+02 3.5247301e-25
1.4170455e+02 3.5218149e-25
1.4214041e+02 3.5189115e-25
1.4257762e+02 3.5160199e-25
1.4301617e+02 3.5131400e-25
1.4345606e+02 3.5102719e-25
1.4389731e+02 3.5074156e-25
1.4433992e+02 3.5045711e-25
1.4478389e+02 3.5017383e-25
1.4522922e+02 3.4989173e-25
1.4567593e+02 3.4961080e-25
1.4612401e+02 3.4933105e-25
1.4657346e+02 3.4905248e-25
1.4702430e+02 3.4877507e-25
1.4747653e+02 3.4849885e-25
1.4793015e+02 3.4822379e-25
1.4838516e+02 3.4794991e-25
1.4884157e+02 3.4767721e-25
1.4929939e+02 3.4740568e-25
1.4975861e+02 3.4713532e-25
1.5021925e+02 3.4686614e-25
1.5068130e+02 3.4659813e-25
1.5114477e+02 3.4633130e-25
1.5160967e+02 3.4606564e-25
1.5207600e+02 3.4580116e-25
1.5254377e+02 3.4553785e-25
1.5301297e+02 3.4527572e-25
1.5348362e+02 3.4501476e-25
1.5395571e+02 3.4475498e-25
1.5442926e+02 3.4449638e-25
1.5490426e+02 3.4423895e-25
1.5538072e+02 3.4398271e-25
1.5585865e+02 3.4372764e-25
1.5633805e+02 3.4347375e-25
1.5681892e+02 3.4322104e-25
1.5730128e+02 3.4296951e-25
1.5778511e+02 3.4271916e-25
1.5827044e+02 3.4246999e-25
1.5875725e+02 3.4222201e-25
1.5924557e+02 3.4197520e-25
1.5973539e+02 3.4172959e-25
1.6022671e+02 3.4148516e-25
1.6071954e+02 3.4124191e-25
1.6121389e+02 3.4099985e-25
1.6170976e+02 3.4075898e-25
1.6220716e+02 3.4051930e-25
1.6270609e+02 3.4028081e-25
1.6320655e+02 3.4004351e-25
1.6370855e+02 3.3980740e-25
1.6421209e+02 3.3957249e-25
1.6471719e+02 3.3933877e-25
1.6522383e+02 3.3910624e-25
1.6573204e+02 3.3887492e-25
1.6624181e+02 3.3864479e-25
1.6675314e+02 3.3841586e-25
1.6726605e+02 3.3818814e-25
1.6778054e+02 3.3796161e-25
1.6829661e+02 3.3773629e-25
1.6881426e+02 3.3751218e-25
1.6933351e+02 3.3728927e-25
1.6985436e+02 3.3706758e-25
1.7037681e+02 3.3684709e-25
1.7090086e+02 3.3662781e-25
1.7142653e+02 3.3640975e-25
1.7195381e+02 3.3619291e-25
1.7248272e+02 3.3597728e-25
1.7301325e+02 3.3576287e-25
1.7354541e+02 3.3554968e-25
1.7407921e+02 3.3533771e-25
1.7461466e+02 3.3512696e-25
1.7515175e+02 3.3491745e-25
1.7569049e+02 3.3470916e-25
1.7623089e+02 3.3450210e-25
1.7677295e+02 3.3429627e-25
1.7731668e+02 3.3409168e-25
1.7786208e+02 3.3388832e-25
1.7840916e+02 3.3368620e-25
1.7895792e+02 3.3348532e-25
1.7950837e+02 3.3328568e-25
1.8006051e+02 3.3308729e-25
1.8061435e+02 3.3289014e-25
1.8116989e+02 3.3269424e-25
1.8172715e+02 3.3249959e-25
1.8228611e+02 3.3230620e-25
1.8284680e+02 3.3211406e-25
1.8340921e+02 3.3192318e-25
1.8397335e+02 3.3173356e-25
1.8453923e+02 3.3154520e-25
1.8510684e+02 3.3135811e-25
1.8567621e+02 3.3117229e-25
1.8624732e+02 3.3098773e-25
1.8682019e+02 3.3080445e-25
1.8739482e+02 3.3062245e-25
1.8797122e+02 3.3044172e-25
1.8854939e+02 3.3026227e-25
1.8912935e+02 3.3008410e-25
1.8971108e+02 3.2990722e-25
1.9029460e+02 3.2973163e-25
1.9087992e+02 3.2955733e-25
1.9146704e+02 3.2938433e-25
1.9205597e+02 3.2921262e-25
1.9264671e+02 3.2904221e-25
1.9323926e+02 3.2887310e-25
1.9383364e+02 3.2870530e-25
1.9442984e+02 3.2853880e-25
1.9502788e+02 3.2837362e-25
1.9562776e+02 3.2820975e-25
1.9622948e+02 3.2804720e-25
1.9683305e+02 3.2788597e-25
1.9743849e+02 3.2772606e-25
1.9804578e+02 3.2756748e-25
1.9865494e+02 3.2741023e-25
1.9926597e+02 3.2725431e-25
1.9987889e+02 3.2709973e-25
2.0049369e+02 3.2694648e-25
2.0111038e+02 3.2679458e-25
2.0172896e+02 3.2664402e-25
2.0234945e+02 3.2649482e-25
2.0297185e+02 3.2634696e-25
2.0359616e+02 3.2620046e-25
2.0422240e+02 3.2605532e-25
2.0485056e+02 3.2591154e-25
2.0548065e+02 3.2576912e-25
2.0611268e+02 3.2562808e-25
2.0674665e+02 3.2548841e-25
2.0738257e+02 3.2535011e-25
2.0802045e+02 3.2521320e-25
2.0866029e+02 3.2507766e-25
2.0930210e+02 3.2494352e-25
2.0994589e+02 3.2481076e-25
2.1059165e+02 3.2467940e-25
2.1123940e+02 3.2454944e-25
2.1188914e+02 3.2442088e-25
2.1254088e+02 3.2429372e-25
2.1319463e+02 3.2416798e-25
2.1385039e+02 3.2404364e-25
2.1450816e+02 3.2392073e-25
2.1516796e+02 3.2379923e-25
2.1582978e+02 3.2367916e-25
2.1649364e+02 3.2356052e-25
2.1715955e+02 3.2344331e-25
2.1782750e+02 3.2332753e-25
2.1849750e+02 3.2321320e-25
2.1916957e+02 3.2310031e-25
2.1984371e+02 3.2298887e-25
2.2051991e+02 3.2287888e-25
2.2119820e+02 3.2277035e-25
2.2187858e+02 3.2266328e-25
2.2256104e+02 3.2255768e-25
2.2324561e+02 3.2245355e-25
2.2393228e+02 3.2235088e-25
2.2462107e+02 3.2224970e-25
2.2531197e+02 3.2215000e-25
2.2600500e+02 3.2205178e-25
2.2670016e+02 3.2195506e-25
2.2739745e+02 3.2185983e-25
2.2809689e+02 3.2176610e-25
2.2879849e+02 3.2167388e-25
2.2950224e+02 3.2158316e-25
2.3020816e+02 3.2149396e-25
2.3091624e+02 3.2140627e-25
2.3162651e+02 3.2132010e-25
2.3233896e+02 3.2123547e-25
2.3305360e+02 3.2115236e-25
2.3377044e+02 3.2107079e-25
2.3448949e+02 3.2099076e-25
2.3521074e+02 3.2091227e-25
2.3593422e+02 3.2083533e-25
2.3665992e+02 3.2075995e-25
2.3738785e+02 3.2068613e-25
2.3811802e+02 3.2061387e-25
2.3885044e+02 3.2054318e-25
2.3958511e+02 3.2047407e-25
2.4032204e+02 3.2040653e-25
2.4106123e+02 3.2034058e-25
2.4180270e+02 3.2027621e-25
2.4254646e+02 3.2021344e-25
2.4329249e+02 3.2015226e-25
2.4404083e+02 3.2009269e-25
2.4479146e+02 3.2003473e-25
2.4554441e+02 3.1997838e-25
2.4629967e+02 3.1992365e-25
2.4705725e+02 3.1987054e-25
2.4781716e+02 3.1981906e-25
2.4857941e+02 3.1976922e-25
2.4934401e+02 3.1972101e-25
2.5011095e+02 3.1967445e-25
2.5088026e+02 3.1962954e-25
2.5165193e+02 3.1958628e-25
2.5242598e+02 3.1954468e-25
2.5320240e+02 3.1950475e-25
2.5398122e+02 3.1946649e-25
2.5476243e+02 3.1942990e-25
2.5554604e+02 3.1939500e-25
2.5633206e+02 3.1936178e-25
2.5712050e+02 3.1933026e-25
2.5791137e+02 3.1930043e-25
2.5870467e+02 3.1927230e-25
2.5950041e+02 3.1924589e-25
2.6029859e+02 3.1922118e-25
2.6109924e+02 3.1919820e-25
2.6190234e+02 3.1917695e-25
2.6270792e+02 3.1915742e-25
2.6351597e+02 3.1913963e-25
2.6432650e+02 3.1912358e-25
2.6513954e+02 3.1910929e-25
2.6595507e+02 3.1909674e-25
2.6677311e+02 3.1908596e-25
2.6759366e+02 3.1907694e-25
2.6841674e+02 3.1906969e-25
2.6924236e+02 3.1906422e-25
2.7007051e+02 3.1906053e-25
2.7090121e+02 3.1905863e-25
2.7173446e+02 3.1905852e-25
2.7257028e+02 3.1906022e-25
2.7340866e+02 3.1906372e-25
2.7424963e+02 3.1906903e-25
2.7509318e+02 3.1907616e-25
2.7593933e+02 3.1908512e-25
2.7678808e+02 3.1909591e-25
2.7763944e+02 3.1910853e-25
2.7849342e+02 3.1912299e-25
2.7935003e+02 3.1913931e-25
2.8020927e+02 3.1915748e-25
2.8107115e+02 3.1917751e-25
2.8193569e+02 3.1919941e-25
2.8280288e+02 3.1922318e-25
2.8367274e+02 3.1924883e-25
2.8454528e+02 3.1927637e-25
2.8542050e+02 3.1930580e-25
2.8629841e+02 3.1933713e-25
2.8717903e+02 3.1937036e-25
2.8806235e+02 3.1940550e-25
2.8894839e+02 3.1944257e-25
2.8983715e+02 3.1948155e-25
2.9072865e+02 3.1952247e-25
2.9162289e+02 3.1956532e-25
2.9251988e+02 3.1961012e-25
2.9341963e+02 3.1965687e-25
2.9432215e+02 3.1970557e-25
2.9522744e+02 3.1975624e-25
2.9613552e+02 3.1980888e-25
2.9704639e+02 3.1986349e-25
2.9796006e+02 3.1992009e-25
2.9887654e+02 3.1997868e-25
2.9979584e+02 3.2003926e-25
3.0071797e+02 3.2010184e-25
3.0164294e+02 3.2016644e-25
3.0257075e+02 3.2023305e-25
3.0350142e+02 3.2030169e-25
3.0443494e+02 3.2037235e-25
3.0537134e+02 3.2044506e-25
3.0631062e+02 3.2051980e-25
3.0725279e+02 3.2059660e-25
3.0819785e+02 3.2067546e-25
3.0914583e+02 3.2075638e-25
3.1009672e+02 3.2083937e-25
3.1105053e+02 3.2092444e-25
3.1200728e+02 3.2101160e-25
3.1296697e+02 3.2110084e-25
3.1392961e+02 3.2119219e-25
3.1489521e+02 3.2128565e-25
3.1586378e+02 3.2138122e-25
3.1683534e+02 3.2147891e-25
3.1780988e+02 3.2157873e-25
3.1878741e+02 3.2168068e-25
3.1976796e+02 3.2178478e-25
3.2075152e+02 3.2189103e-25
3.2173811e+02 3.2199944e-25
3.2272773e+02 3.2211001e-25
3.2372039e+02 3.2222275e-25
3.2471611e+02 3.2233768e-25
3.2571489e+02 3.2245479e-25
3.2671674e+02 3.2257410e-25
3.2772168e+02 3.2269561e-25
3.2872970e+02 3.2281933e-25
3.2974083e+02 3.2294526e-25
3.3075506e+02 3.2307343e-25
3.3177242e+02 3.2320382e-25
3.3279290e+02 3.2333646e-25
3.3381653e+02 3.2347135e-25
3.3484330e+02 3.2360849e-25
3.3587323e+02 3.2374790e-25
3.3690633e+02 3.2388958e-25
3.3794261e+02 3.2403354e-25
3.3898207e+02 3.2417980e-25
3.4002473e+02 3.2432835e-25
3.4107060e+02 3.2447920e-25
3.4211968e+02 3.2463238e-25
3.4317199e+02 3.2478787e-25
3.4422754e+02 3.2494570e-25
3.4528634e+02 3.2510586e-25
3.4634839e+02 3.2526838e-25
3.4741371e+02 3.2543325e-25
3.4848230e+02 3.2560050e-25
3.4955418e+02 3.2577012e-25
3.5062936e+02 3.2594212e-25
3.5170785e+02 3.2611653e-25
3.5278965e+02 3.2629333e-25
3.5387478e+02 3.2647256e-25
3.5496325e+02 3.2665421e-25
3.5605507e+02 3.2683830e-25
3.5715024e+02 3.2702484e-25
3.5824879e+02 3.2721383e-25
3.5935071e+02 3.2740530e-25
3.6045602e+02 3.2759925e-25
3.6156473e+02 3.2779570e-25
3.6267685e+02 3.2799465e-25
3.6379240e+02 3.2819612e-25
3.6491137e+02 3.2840014e-25
3.6603379e+02 3.2860670e-25
3.6715965e+02 3.2881583e-25
3.6828898e+02 3.2902754e-25
3.6942179e+02 3.2924186e-25
3.7055808e+02 3.2945879e-25
3.7169786e+02 3.2967837e-25
3.7284115e+02 3.2990060e-25
3.7398796e+02 3.3012553e-25
3.7513829e+02 3.3035316e-25
3.7629216e+02 3.3058354e-25
3.7744959e+02 3.3081669e-25
3.7861057e+02 3.3105264e-25
3.7977512e+02 3.3129145e-25
3.8094325e+02 3.3153314e-25
3.8211498e+02 3.3177777e-25
3.8329031e+02 3.3202539e-25
3.8446926e+02 3.3227608e-25
3.8565183e+02 3.3252990e-25
3.8683804e+02 3.3278694e-25
3.8802790e+02 3.3304731e-25
3.8922142e+02 3.3331112e-25
3.9041861e+02 3.3357852e-25
3.9161948e+02 3.3384970e-25
3.9282405e+02 3.3412485e-25
3.9403232e+02 3.3440424e-25
3.9524431e+02 3.3468820e-25
3.9646002e+02 3.3497714e-25
3.9767948e+02 3.3527158e-25
3.9890268e+02 3.3557221e-25
4.0012965e+02 3.3587990e-25
4.0136039e+02 3.3619587e-25
4.0259492e+02 3.3652171e-25
4.0383324e+02 3.3685971e-25
4.0507538e+02 3.3721308e-25
4.0632133e+02 3.3758656e-25
4.0757112e+02 3.3798734e-25
4.0882475e+02 3.3842678e-25
4.1008224e+02 3.3892370e-25
4.1134359e+02 3.3951117e-25
4.1260883e+02 3.4025178e-25
4.1387795e+02 3.4127613e-25
4.1515098e+02 3.4289576e-25
4.1642793e+02 3.4601542e-25
4.1770880e+02 3.5426246e-25
4.1899361e+02 3.9572474e-25
4.2028238e+02 5.8929323e-24
4.2157511e+02 3.8849656e-25
4.2287181e+02 3.5384193e-25
4.2417251e+02 3.4712646e-25
4.2547720e+02 3.4495001e-25
4.2678591e+02 3.4412111e-25
4.2809864e+02 3.4382903e-25
4.2941541e+02 3.4379260e-25
4.3073623e+02 3.4389376e-25
4.3206111e+02 3.4407599e-25
4.3339007e+02 3.4430951e-25
4.3472312e+02 3.4457746e-25
4.3606027e+02 3.4486970e-25
4.3740153e+02 3.4517986e-25
4.3874691e+02 3.4550377e-25
4.4009643e+02 3.4583861e-25
4.4145011e+02 3.4618242e-25
4.4280795e+02 3.4653382e-25
4.4416996e+02 3.4689179e-25
4.4553616e+02 3.4725558e-25
4.4690657e+02 3.4762463e-25
4.4828119e+02 3.4799853e-25
4.4966004e+02 3.4837693e-25
4.5104313e+02 3.4875958e-25
4.5243047e+02 3.4914628e-25
4.5382209e+02 3.4953687e-25
4.5521798e+02 3.4993122e-25
4.5661816e+02 3.5032923e-25
4.5802266e+02 3.5073082e-25
4.5943147e+02 3.5113591e-25
4.6084462e+02 3.5154446e-25
4.6226211e+02 3.5195643e-25
4.6368396e+02 3.5237176e-25
4.6511019e+02 3.5279044e-25
4.6654080e+02 3.5321245e-25
4.6797581e+02 3.5363776e-25
4.6941524e+02 3.5406635e-25
4.7085910e+02 3.5449822e-25
4.7230739e+02 3.5493336e-25
4.7376014e+02 3.5537176e-25
4.7521736e+02 3.5581341e-25
4.7667906e+02 3.5625831e-25
4.7814526e+02 3.5670647e-25
4.7961597e+02 3.5715787e-25
4.8109120e+02 3.5761252e-25
4.8257096e+02 3.5807042e-25
4.8405528e+02 3.5853158e-25
4.8554417e+02 3.5899599e-25
4.8703763e+02 3.5946366e-25
4.8853569e+02 3.5993459e-25
4.9003836e+02 3.6040879e-25
4.9154565e+02 3.6088627e-25
4.9305757e+02 3.6136701e-25
4.9457415e+02 3.6185105e-25
4.9609539e+02 3.6233837e-25
4.9762131e+02 3.6282898e-25
4.9915192e+02 3.6332290e-25
5.0068724e+02 3.6382012e-25
5.0222728e+02 3.6432066e-25
5.0377206e+02 3.6482451e-25
5.0532159e+02 3.6533170e-25
5.0687589e+02 3.6584222e-25
5.0843497e+02 3.6635608e-25
5.0999884e+02 3.6687329e-25
5.1156753e+02 3.6739385e-25
5.1314103e+02 3.6791779e-25
5.1471938e+02 3.6844509e-25
5.1630259e+02 3.6897577e-25
5.1789066e+02 3.6950984e-25
5.1948362e+02 3.7004730e-25
5.2108148e+02 3.7058817e-25
5.2268425e+02 3.7113245e-25
5.2429195e+02 3.7168015e-25
5.2590460e+02 3.7223127e-25
5.2752221e+02 3.7278583e-25
5.2914479e+02 3.7334383e-25
5.3077236e+02 3.7390528e-25
5.3240495e+02 3.7447019e-25
5.3404255e+02 3.7503857e-25
5.3568519e+02 3.7561043e-25
5.3733288e+02 3.7618576e-25
5.3898564e+02 3.7676460e-25
5.4064348e+02 3.7734693e-25
5.4230642e+02 3.7793277e-25
5.4397448e+02 3.7852213e-25
5.4564767e+02 3.7911501e-25
5.4732600e+02 3.7971143e-25
5.4900950e+02 3.8031139e-25
5.5069818e+02 3.8091490e-25
5.5239205e+02 3.8152197e-25
5.5409112e+02 3.8213261e-25
5.5579543e+02 3.8274683e-25
5.5750498e+02 3.8336463e-25
5.5921978e+02 3.8398603e-25
5.6093986e+02 3.8461102e-25
5.6266524e+02 3.8523963e-25
5.6439591e+02 3.8587186e-25
5.6613192e+02 3.8650772e-25
5.6787326e+02 3.8714721e-25
5.6961995e+02 3.8779035e-25
5.7137202e+02 3.8843715e-25
5.7312948e+02 3.8908760e-25
5.7489235e+02 3.8974173e-25
5.7666064e+02 3.9039954e-25
5.7843436e+02 3.9106104e-25
5.8021354e+02 3.9172623e-25
5.8199820e+02 3.9239513e-25
5.8378834e+02 3.9306775e-25
5.8558399e+02 3.9374409e-25
5.8738517e+02 3.9442417e-25
5.8919188e+02 3.9510798e-25
5.9100415e+02 3.9579555e-25
5.9282199e+02 3.9648688e-25
5.9464543e+02 3.9718197e-25
5.9647448e+02 3.9788085e-25
5.9830915e+02 3.9858351e-25
6.0014946e+02 3.9928996e-25
6.0199543e+02 4.0000022e-25
6.0384709e+02 4.0071429e-25
6.0570443e+02 4.0143218e-25
6.0756750e+02 4.0215390e-25
6.0943629e+02 4.0287947e-25
6.1131083e+02 4.0360888e-25
6.1319113e+02 4.0434215e-25
6.1507722e+02 4.0507929e-25
6.1696911e+02 4.0582030e-25
6.1886682e+02 4.0656520e-25
6.2077037e+02 4.0731399e-25
6.2267977e+02 4.0806669e-25
6.2459504e+02 4.0882330e-25
6.2651621e+02 4.0958383e-25
6.2844328e+02 4.1034829e-25
6.3037629e+02 4.1111669e-25
6.3231523e+02 4.1188904e-25
6.3426014e+02 4.1266534e-25
6.3621104e+02 4.1344562e-25
6.3816793e+02 4.1422987e-25
6.4013085e+02 4.1501810e-25
6.4209980e+02 4.1581033e-25
6.4407481e+02 4.1660657e-25
6.4605589e+02 4.1740682e-25
6.4804307e+02 4.1821109e-25
6.5003635e+02 4.1901940e-25
6.5203577e+02 4.1983174e-25
6.5404134e+02 4.2064814e-25
6.5605308e+02 4.2146860e-25
6.5807101e+02 4.2229312e-25
6.6009514e+02 4.2312173e-25
6.6212550e+02 4.2395442e-25
6.6416210e+02 4.2479122e-25
6.6620497e+02 4.2563212e-25
6.6825412e+02 4.2647713e-25
6.7030958e+02 4.2732628e-25
6.7237136e+02 4.2817956e-25
6.7443947e+02 4.2903698e-25
6.7651395e+02 4.2989856e-25
6.7859481e+02 4.3076431e-25
6.8068208e+02 4.3163422e-25
6.8277576e+02 4.3250833e-25
6.8487588e+02 4.3338662e-25
6.8698246e+02 4.3426912e-25
6.8909552e+02 4.3515584e-25
6.9121508e+02 4.3604677e-25
6.9334116e+02 4.3694194e-25
6.9547378e+02 4.3784135e-25
6.9761296e+02 4.3874502e-25
6.9975872e+02 4.3965294e-25
7.0191107e+02 4.4056514e-25
7.0407005e+02 4.4148161e-25
7.0623567e+02 4.4240238e-25
7.0840795e+02 4.4332745e-25
7.1058691e+02 4.4425684e-25
7.1277258e+02 4.4519054e-25
7.1496497e+02 4.4612857e-25
7.1716410e+02 4.4707095e-25
7.1936999e+02 4.4801768e-25
7.2158267e+02 4.4896877e-25
7.2380216e+02 4.4992423e-25
7.2602847e+02 4.5088407e-25
7.2826163e+02 4.5184830e-25
7.3050166e+02 4.5281694e-25
7.3274858e+02 4.5378999e-25
7.3500241e+02 4.5476746e-25
7.3726317e+02 4.5574936e-25
7.3953089e+02 4.5673571e-25
7.4180558e+02 4.5772651e-25
7.4408727e+02 4.5872178e-25
7.4637598e+02 4.5972152e-25
7.4867172e+02 4.6072574e-25
7.5097453e+02 4.6173446e-25
7.5328442e+02 4.6274769e-25
7.5560142e+02 4.6376543e-25
7.5792554e+02 4.6478771e-25
7.6025681e+02 4.6581452e-25
7.6259525e+02 4.6684588e-25
7.6494089e+02 4.6788180e-25
7.6729374e+02 4.6892229e-25
7.6965382e+02 4.6996737e-25
7.7202117e+02 4.7101704e-25
7.7439580e+02 4.7207132e-25
7.7677773e+02 4.7313021e-25
7.7916699e+02 4.7419374e-25
7.8156359e+02 4.7526191e-25
7.8396757e+02 4.7633474e-25
7.8637895e+02 4.7741223e-25
7.8879774e+02 4.7849441e-25
7.9122397e+02 4.7958129e-25
7.9365766e+02 4.8067288e-25
7.9609884e+02 4.8176920e-25
7.9854752e+02 4.8287028e-25
8.0100374e+02 4.8397614e-25
8.0346752e+02 4.8508679e-25
8.0593887e+02 4.8620228e-25
8.0841782e+02 4.8732265e-25
8.1090440e+02 4.8844796e-25
8.1339863e+02 4.8957827e-25
8.1590052e+02 4.9071371e-25
8.1841012e+02 4.9185444e-25
8.2092743e+02 4.9300076e-25
8.2345249e+02 4.9415316e-25
8.2598531e+02 4.9531263e-25
8.2852592e+02 4.9648124e-25
8.3107435e+02 4.9766429e-25
8.3363062e+02 4.9887850e-25
8.3619475e+02 5.0020375e-25
8.3876676e+02 5.0268999e-25
8.4134669e+02 5.0824111e-25
8.4393456e+02 5.0387044e-25
8.4653038e+02 5.0481042e-25
8.4913419e+02 5.0594566e-25
8.5174600e+02 5.0712371e-25
8.5436585e+02 5.0831906e-25
8.5699376e+02 5.0952457e-25
8.5962975e+02 5.1073760e-25
8.6227385e+02 5.1195702e-25
8.6492608e+02 5.1318226e-25
8.6758647e+02 5.1441304e-25
8.7025504e+02 5.1564919e-25
8.7293182e+02 5.1689061e-25
8.7561684e+02 5.1813724e-25
8.7831011e+02 5.1938906e-25
8.8101167e+02 5.2064604e-25
8.8372154e+02 5.2190818e-25
8.8643974e+02 5.2317546e-25
8.8916630e+02 5.2444790e-25
8.9190125e+02 5.2572550e-25
8.9464461e+02 5.2700825e-25
8.9739641e+02 5.2829617e-25
9.0015667e+02 5.2958927e-25
9.0292543e+02 5.3088756e-25
9.0570270e+02 5.3219104e-25
9.0848851e+02 5.3349973e-25
9.1128289e+02 5.3481364e-25
9.1408587e+02 5.3613278e-25
9.1689747e+02 5.3745716e-25
9.1971771e+02 5.3878679e-25
9.2254664e+02 5.4012168e-25
9.2538426e+02 5.4146185e-25
9.2823061e+02 5.4280731e-25
9.3108571e+02 5.4415808e-25
9.3394960e+02 5.4551415e-25
9.3682230e+02 5.4687555e-25
9.3970383e+02 5.4824229e-25
9.4259423e+02 5.4961438e-25
9.4549351e+02 5.5099183e-25
9.4840172e+02 5.5237467e-25
9.5131886e+02 5.5376289e-25
9.5424499e+02 5.5515651e-25
9.5718011e+02 5.5655555e-25
9.6012426e+02 5.5796002e-25
9.6307746e+02 5.5936994e-25
9.6603975e+02 5.6078530e-25
9.6901115e+02 5.6220614e-25
9.7199169e+02 5.6363246e-25
9.7498140e+02 5.6506427e-25
9.7798031e+02 5.6650160e-25
9.8098844e+02 5.6794444e-25
9.8400582e+02 5.6939282e-25
9.8703248e+02 5.7084675e-25
9.9006845e+02 5.7230625e-25
9.9311376e+02 5.7377132e-25
9.9616844e+02 5.7524198e-25
9.9923251e+02 5.7671825e-25
1.0023060e+03 5.7820013e-25
1.0053890e+03 5.7968765e-25
1.0084814e+03 5.8118081e-25
1.0115833e+03 5.8267963e-25
1.0146948e+03 5.8418413e-25
1.0178159e+03 5.8569431e-25
1.0209465e+03 5.8721020e-25
1.0240868e+03 5.8873180e-25
1.0272368e+03 5.9025914e-25
1.0303964e+03 5.9179222e-25
1.0335658e+03 5.9333106e-25
1.0367449e+03 5.9487567e-25
1.0399337e+03 5.9642607e-25
1.0431324e+03 5.9798227e-25
1.0463410e+03 5.9954429e-25
1.0495594e+03 6.0111214e-25
1.0527876e+03 6.0268584e-25
1.0560259e+03 6.0426540e-25
1.0592741e+03 6.0585084e-25
1.0625322e+03 6.0744216e-25
1.0658004e+03 6.0903940e-25
1.0690787e+03 6.1064255e-25
1.0723670e+03 6.1225164e-25
1.0756655e+03 6.1386667e-25
1.0789741e+03 6.1548768e-25
1.0822928e+03 6.1711466e-25
1.0856218e+03 6.1874764e-25
1.0889610e+03 6.2038663e-25
1.0923105e+03 6.2203165e-25
1.0956703e+03 6.2368271e-25
1.0990404e+03 6.2533982e-25
1.1024209e+03 6.2700301e-25
1.1058118e+03 6.2867229e-25
1.1092131e+03 6.3034767e-25
1.1126249e+03 6.3202917e-25
1.1160472e+03 6.3371680e-25
1.1194800e+03 6.3541058e-25
1.1229234e+03 6.3711053e-25
1.1263773e+03 6.3881666e-25
1.1298419e+03 6.4052899e-25
1.1333171e+03 6.4224754e-25
1.1368030e+03 6.4397231e-25
1.1402997e+03 6.4570333e-25
1.1438071e+03 6.4744061e-25
1.1473253e+03 6.4918417e-25
1.1508543e+03 6.5093403e-25
1.1543942e+03 6.5269019e-25
1.1579449e+03 6.5445269e-25
1.1615066e+03 6.5622152e-25
1.1650792e+03 6.5799672e-25
1.1686628e+03 6.5977829e-25
1.1722575e+03 6.6156626e-25
1.1758632e+03 6.6336064e-25
1.1794800e+03 6.6516144e-25
1.1831079e+03 6.6696869e-25
1.1867469e+03 6.6878240e-25
1.1903972e+03 6.7060259e-25
1.1940587e+03 6.7242928e-25
1.1977314e+03 6.7426248e-25
1.2014155e+03 6.7610221e-25
1.2051109e+03 6.7794849e-25
1.2088176e+03 6.7980133e-25
1.2125358e+03 6.8166077e-25
1.2162654e+03 6.8352681e-25
1.2200064e+03 6.8539949e-25
1.2237590e+03 6.8727881e-25
1.2275231e+03 6.8916483e-25
1.2312988e+03 6.9105756e-25
1.2350861e+03 6.9295706e-25
1.2388850e+03 6.9486342e-25
1.2426957e+03 6.9677680e-25
1.2465180e+03 6.9869759e-25
1.2503521e+03 7.0062694e-25
1.2541981e+03 7.0257029e-25
1.2580558e+03 7.0459584e-25
1.2619254e+03 7.0693030e-25
1.2658069e+03 7.0841978e-25
1.2697003e+03 7.1036124e-25
1.2736058e+03 7.1232376e-25
1.2775232e+03 7.1429594e-25
1.2814527e+03 7.1627591e-25
1.2853942e+03 7.1826317e-25
1.2893479e+03 7.2025756e-25
1.2933138e+03 7.2225900e-25
1.2972918e+03 7.2426747e-25
1.3012821e+03 7.2628297e-25
1.3052847e+03 7.2830550e-25
1.3092995e+03 7.3033508e-25
1.3133268e+03 7.3237172e-25
1.3173664e+03 7.3441544e-25
1.3214184e+03 7.3646625e-25
1.3254829e+03 7.3852417e-25
1.3295599e+03 7.4058922e-25
1.3336494e+03 7.4266141e-25
1.3377515e+03 7.4474077e-25
1.3418663e+03 7.4682732e-25
1.3459937e+03 7.4892106e-25
1.3501337e+03 7.5102203e-25
1.3542866e+03 7.5313024e-25
1.3584522e+03 7.5524572e-25
1.3626306e+03 7.5736847e-25
1.3668218e+03 7.5949852e-25
1.3710260e+03 7.6163590e-25
1.3752431e+03 7.6378061e-25
1.3794731e+03 7.6593268e-25
1.3837162e+03 7.6809213e-25
1.3879723e+03 7.7025899e-25
1.3922415e+03 7.7243326e-25
1.3965238e+03 7.7461497e-25
1.4008193e+03 7.7680414e-25
1.4051281e+03 7.7900080e-25
1.4094500e+03 7.8120495e-25
1.4137853e+03 7.8341663e-25
1.4181339e+03 7.8563585e-25
1.4224959e+03 7.8786263e-25
1.4268713e+03 7.9009699e-25
1.4312601e+03 7.9233896e-25
1.4356625e+03 7.9458856e-25
1.4400784e+03 7.9684580e-25
1.4445079e+03 7.9911071e-25
1.4489510e+03 8.0138331e-25
1.4534077e+03 8.0366361e-25
1.4578782e+03 8.0595165e-25
1.4623624e+03 8.0824744e-25
1.4668604e+03 8.1055113e-25
1.4713723e+03 8.1286269e-25
1.4758980e+03 8.1518207e-25
1.4804377e+03 8.1750928e-25
1.4849913e+03 8.1984435e-25
1.4895589e+03 8.2218731e-25
1.4941406e+03 8.2453817e-25
1.4987364e+03 8.2689695e-25
1.5033463e+03 8.2926368e-25
1.5079703e+03 8.3163837e-25
1.5126086e+03 8.3402106e-25
1.5172612e+03 8.3641176e-25
1.5219281e+03 8.3881050e-25
1.5266093e+03 8.4121730e-25
1.5313050e+03 8.4363217e-25
1.5360150e+03 8.4605515e-25
1.5407396e+03 8.4848626e-25
1.5454787e+03 8.5092551e-25
1.5502324e+03 8.5337293e-25
1.5550007e+03 8.5582874e-25
1.5597836e+03 8.5829473e-25
1.5645813e+03 8.6076895e-25
1.5693937e+03 8.6325143e-25
1.5742210e+03 8.6574219e-25
1.5790630e+03 8.6824125e-25
1.5839200e+03 8.7074865e-25
1.5887919e+03 8.7326439e-25
1.5936788e+03 8.7578851e-25
1.5985807e+03 8.7832102e-25
1.6034978e+03 8.8086196e-25
1.6084299e+03 8.8341134e-25
1.6133772e+03 8.8596919e-25
1.6183397e+03 8.8853554e-25
1.6233175e+03 8.9111040e-25
1.6283106e+03 8.9369381e-25
1.6333190e+03 8.9628579e-25
1.6383429e+03 8.9888636e-25
1.6433822e+03 9.0149556e-25
1.6484370e+03 9.0411341e-25
1.6535074e+03 9.0673995e-25
1.6585933e+03 9.0937524e-25
1.6636949e+03 9.1201938e-25
1.6688122e+03 9.1467266e-25
1.6739452e+03 9.1733672e-25
1.6790941e+03 9.2005993e-25
1.6842587e+03 9.2269956e-25
1.6894393e+03 9.2537220e-25
1.6946357e+03 9.2806720e-25
1.6998482e+03 9.3077226e-25
1.7050767e+03 9.3348650e-25
1.7103213e+03 9.3620979e-25
1.7155820e+03 9.3894208e-25
1.7208588e+03 9.4168338e-25
1.7261520e+03 9.4443371e-25
1.7314614e+03 9.4719309e-25
1.7367871e+03 9.4996154e-25
1.7421292e+03 9.5273908e-25
1.7474877e+03 9.5552575e-25
1.7528628e+03 9.5832156e-25
1.7582543e+03 9.6112654e-25
1.7636625e+03 9.6394071e-25
1.7690872e+03 9.6676412e-25
1.7745287e+03 9.6959677e-25
1.7799869e+03 9.7243870e-25
1.7854619e+03 9.7528993e-25
1.7909537e+03 9.7815049e-25
1.7964624e+03 9.8102040e-25
1.8019881e+03 9.8389970e-25
1.8075308e+03 9.8678841e-25
1.8130905e+03 9.8968656e-25
1.8186673e+03 9.9259418e-25
1.8242612e+03 9.9551128e-25
1.8298724e+03 9.9843790e-25
1.8355008e+03 1.0013741e-24
1.8411466e+03 1.0043198e-24
1.8468097e+03 1.0072752e-24
1.8524902e+03 1.0102401e-24
1.8581882e+03 1.0132148e-24
1.8639037e+03 1.0161991e-24
1.8696368e+03 1.0191931e-24
1.8753876e+03 1.0221969e-24
1.8811560e+03 1.0252105e-24
1.8869422e+03 1.0282338e-24
1.8927461e+03 1.0312670e-24
1.8985679e+03 1.0343100e-24
1.9044077e+03 1.0373629e-24
1.9102653e+03 1.0404257e-24
1.9161411e+03 1.0434985e-24
1.9220348e+03 1.0465812e-24
1.9279467e+03 1.0496740e-24
1.9338768e+03 1.0527767e-24
1.9398252e+03 1.0558896e-24
1.9457918e+03 1.0590200e-24
1.9517768e+03 1.0621638e-24
1.9577802e+03 1.0653177e-24
1.9638020e+03 1.0684817e-24
1.9698424e+03 1.0716560e-24
1.9759013e+03 1.0748404e-24
1.9819789e+03 1.0780351e-24
1.9880752e+03 1.0812400e-24
1.9941903e+03 1.0844552e-24
2.0003241e+03 1.0876808e-24
2.0064768e+03 1.0909167e-24
2.0126484e+03 1.0941630e-24
2.0188391e+03 1.0974197e-24
2.0250487e+03 1.1006869e-24
2.0312775e+03 1.1039645e-24
2.0375254e+03 1.1072527e-24
2.0437926e+03 1.1105514e-24
2.0500790e+03 1.1138607e-24
2.0563847e+03 1.1171805e-24
2.0627099e+03 1.1205111e-24
2.0690545e+03 1.1238523e-24
2.0754186e+03 1.1272042e-24
2.0818023e+03 1.1305668e-24
2.0882056e+03 1.1339404e-24
2.0946286e+03 1.1373258e-24
2.1010714e+03 1.1457836e-24
2.1075340e+03 1.1441267e-24
2.1140165e+03 1.1475421e-24
2.1205189e+03 1.1509695e-24
2.1270413e+03 1.1544080e-24
2.1335838e+03 1.1578575e-24
2.1401464e+03 1.1613181e-24
2.1467292e+03 1.1647897e-24
2.1533322e+03 1.1682724e-24
2.1599556e+03 1.1717663e-24
2.1665993e+03 1.1752712e-24
2.1732634e+03 1.1787874e-24
2.1799481e+03 1.1823148e-24
2.1866533e+03 1.1858534e-24
2.1933791e+03 1.1894034e-24
2.2001256e+03 1.1929646e-24
2.2068929e+03 1.1965372e-24
2.2136810e+03 1.2001212e-24
2.2204900e+03 1.2037165e-24
2.2273199e+03 1.2073234e-24
2.2341708e+03 1.2109417e-24
2.2410428e+03 1.2145716e-24
2.2479359e+03 1.2182130e-24
2.2548503e+03 1.2218660e-24
2.2617859e+03 1.2255306e-24
2.2687428e+03 1.2292069e-24
2.2757211e+03 1.2328948e-24
2.2827209e+03 1.2365945e-24
2.2897422e+03 1.2403060e-24
2.2967852e+03 1.2440292e-24
2.3038497e+03 1.2477643e-24
2.3109361e+03 1.2515113e-24
2.3180442e+03 1.2552702e-24
2.3251741e+03 1.2590410e-24
2.3323261e+03 1.2628237e-24
2.3395000e+03 1.2666185e-24
2.3466959e+03 1.2704254e-24
2.3539140e+03 1.2742443e-24
2.3611543e+03 1.2780754e-24
2.3684169e+03 1.2819186e-24
2.3757018e+03 1.2857740e-24
2.3830091e+03 1.2896416e-24
2.3903389e+03 1.2935215e-24
2.3976913e+03 1.2974137e-24
2.4050662e+03 1.3013182e-24
2.4124639e+03 1.3052351e-24
2.4198843e+03 1.3091645e-24
2.4273275e+03 1.3131063e-24
2.4347936e+03 1.3170605e-24
2.4422827e+03 1.3210273e-24
2.4497948e+03 1.3250067e-24
2.4573300e+03 1.3289987e-24
2.4648884e+03 1.3330033e-24
2.4724701e+03 1.3370206e-24
2.4800750e+03 1.3410506e-24
2.4877034e+03 1.3450934e-24
2.4953552e+03 1.3491489e-24
2.5030306e+03 1.3532174e-24
2.5107295e+03 1.3572988e-24
2.5184522e+03 1.3613963e-24
2.5261986e+03 1.3655012e-24
2.5339688e+03 1.3696201e-24
2.5417630e+03 1.3737531e-24
2.5495811e+03 1.3778993e-24
2.5574232e+03 1.3820586e-24
2.5652895e+03 1.3862311e-24
2.5731799e+03 1.3904167e-24
2.5810947e+03 1.3946156e-24
2.5890338e+03 1.3988277e-24
2.5969973e+03 1.4030531e-24
2.6049852e+03 1.4072919e-24
2.6129978e+03 1.4115441e-24
2.6210350e+03 1.4158097e-24
2.6290970e+03 1.4200888e-24
2.6371837e+03 1.4243813e-24
2.6452953e+03 1.4286875e-24
2.6534318e+03 1.4330072e-24
2.6615934e+03 1.4373405e-24
2.6697801e+03 1.4416876e-24
2.6779920e+03 1.4460483e-24
2.6862291e+03 1.4504228e-24
2.6944915e+03 1.4548111e-24
2.7027794e+03 1.4592132e-24
2.7110928e+03 1.4636292e-24
2.7194317e+03 1.4680592e-24
2.7277963e+03 1.4725031e-24
2.7361866e+03 1.4769610e-24
2.7446027e+03 1.4814330e-24
2.7530448e+03 1.4859190e-24
2.7615127e+03 1.4904193e-24
2.7700067e+03 1.4949336e-24
2.7785269e+03 1.4994623e-24
2.7870732e+03 1.5040051e-24
2.7956459e+03 1.5085623e-24
2.8042449e+03 1.5131339e-24
2.8128704e+03 1.5177198e-24
2.8215223e+03 1.5223202e-24
2.8302010e+03 1.5269351e-24
2.8389062e+03 1.5315645e-24
2.8476383e+03 1.5362085e-24
2.8563972e+03 1.5408671e-24
2.8651831e+03 1.5455403e-24
2.8739960e+03 1.5502283e-24
2.8828360e+03 1.5549310e-24
2.8917032e+03 1.5596485e-24
2.9005977e+03 1.5643809e-24
2.9095195e+03 1.5691282e-24
2.9184688e+03 1.5738904e-24
2.9274456e+03 1.5786676e-24
2.9364500e+03 1.5834603e-24
2.9454821e+03 1.5882681e-24
2.9545420e+03 1.5930895e-24
2.9636297e+03 1.5979270e-24
2.9727454e+03 1.6027798e-24
2.9818892e+03 1.6076478e-24
2.9910610e+03 1.6125311e-24
3.0002611e+03 1.6174298e-24
3.0094895e+03 1.6223439e-24
3.0187463e+03 1.6272734e-24
3.0280315e+03 1.6322185e-24
3.0373453e+03 1.6371790e-24
3.0466877e+03 1.6421552e-24
3.0560589e+03 1.6471470e-24
3.0654589e+03 1.6521545e-24
3.0748878e+03 1.6571777e-24
3.0843457e+03 1.6622167e-24
3.0938327e+03 1.6672715e-24
3.1033489e+03 1.6723422e-24
3.1128944e+03 1.6774288e-24
3.1224692e+03 1.6825315e-24
3.1320735e+03 1.6876501e-24
3.1417073e+03 1.6927848e-24
3.1513708e+03 1.6979356e-24
3.1610639e+03 1.7031027e-24
3.1707869e+03 1.7082859e-24
3.1805398e+03 1.7134854e-24
3.1903227e+03 1.7187012e-24
3.2001357e+03 1.7239335e-24
3.2099788e+03 1.7291821e-24
3.2198523e+03 1.7344472e-24
3.2297561e+03 1.7397288e-24
3.2396903e+03 1.7450271e-24
3.2496552e+03 1.7503419e-24
3.2596506e+03 1.7556734e-24
3.2696769e+03 1.7610217e-24
3.2797339e+03 1.7663867e-24
3.2898219e+03 1.7717686e-24
3.2999410e+03 1.7771674e-24
3.3100911e+03 1.7825831e-24
3.3202725e+03 1.7880158e-24
3.3304852e+03 1.7934655e-24
3.3407293e+03 1.7989324e-24
3.3510049e+03 1.8044164e-24
3.3613121e+03 1.8099431e-24
3.3716510e+03 1.8154361e-24
3.3820217e+03 1.8209718e-24
3.3924243e+03 1.8265249e-24
3.4028590e+03 1.8320954e-24
3.4133257e+03 1.8376835e-24
3.4238246e+03 1.8432890e-24
3.4343558e+03 1.8489121e-24
3.4449194e+03 1.8545529e-24
3.4555154e+03 1.8602113e-24
3.4661441e+03 1.8658875e-24
3.4768055e+03 1.8715815e-24
3.4874996e+03 1.8772933e-24
3.4982267e+03 1.8830231e-24
3.5089867e+03 1.8887708e-24
3.5197799e+03 1.8945366e-24
3.5306062e+03 1.9003204e-24
3.5414659e+03 1.9061223e-24
3.5523589e+03 1.9119425e-24
3.5632855e+03 1.9177809e-24
3.5742456e+03 1.9236376e-24
3.5852395e+03 1.9295126e-24
3.5962672e+03 1.9354061e-24
3.6073288e+03 1.9413181e-24
3.6184244e+03 1.9472485e-24
3.6295542e+03 1.9531976e-24
3.6407182e+03 1.9591653e-24
3.6519165e+03 1.9651518e-24
3.6631493e+03 1.9711570e-24
3.6744166e+03 1.9771810e-24
3.6857186e+03 1.9832239e-24
3.6970553e+03 1.9892857e-24
3.7084270e+03 1.9953666e-24
3.7198336e+03 2.0014665e-24
3.7312752e+03 2.0075855e-24
3.7427521e+03 2.0137237e-24
3.7542643e+03 2.0198811e-24
3.7658119e+03 2.0260579e-24
3.7773950e+03 2.0322542e-24
3.7890137e+03 2.0384696e-24
3.8006682e+03 2.0447045e-24
3.8123585e+03 2.0509590e-24
3.8240848e+03 2.0572332e-24
3.8358471e+03 2.0635270e-24
3.8476456e+03 2.0698405e-24
3.8594804e+03 2.0761739e-24
3.8713516e+03 2.0825270e-24
3.8832594e+03 2.0889001e-24
3.8952037e+03 2.0952932e-24
3.9071848e+03 2.1017063e-24
3.9192028e+03 2.1081395e-24
3.9312577e+03 2.1145929e-24
3.9433497e+03 2.1210665e-24
3.9554788e+03 2.1275603e-24
3.9676453e+03 2.1340746e-24
3.9798493e+03 2.1406092e-24
3.9920907e+03 2.1471644e-24
4.0043698e+03 2.1537401e-24
4.0166867e+03 2.1603364e-24
4.0290414e+03 2.1669533e-24
4.0414342e+03 2.1735910e-24
4.0538651e+03 2.1802496e-24
4.0663342e+03 2.1869290e-24
4.0788417e+03 2.1936293e-24
4.0913876e+03 2.2003506e-24
4.1039721e+03 2.2070930e-24
4.1165954e+03 2.2138566e-24
4.1292574e+03 2.2206413e-24
4.1419584e+03 2.2274473e-24
4.1546985e+03 2.2342747e-24
4.1674778e+03 2.2411235e-24
4.1802963e+03 2.2479937e-24
4.1931543e+03 2.2548855e-24
4.2060519e+03 2.2617991e-24
4.2189891e+03 2.2687339e-24
4.2319661e+03 2.2756907e-24
4.2449830e+03 2.2826693e-24
4.2580400e+03 2.2896698e-24
4.2711371e+03 2.2966923e-24
4.2842745e+03 2.3037368e-24
4.2974524e+03 2.3108033e-24
4.3106707e+03 2.3178921e-24
4.3239297e+03 2.3250030e-24
4.3372295e+03 2.3321363e-24
4.3505702e+03 2.3392919e-24
4.3639519e+03 2.3464700e-24
4.3773748e+03 2.3536706e-24
4.3908390e+03 2.3608938e-24
4.4043446e+03 2.3681397e-24
4.4178918e+03 2.3754083e-24
4.4314806e+03 2.3826996e-24
4.4451112e+03 2.3900139e-24
4.4587837e+03 2.3973511e-24
4.4724983e+03 2.4047113e-24
4.4862551e+03 2.4120947e-24
4.5000541e+03 2.4195012e-24
4.5138957e+03 2.4269309e-24
4.5277798e+03 2.4343840e-24
4.5417066e+03 2.4418604e-24
4.5556762e+03 2.4493603e-24
4.5696888e+03 2.4568838e-24
4.5837446e+03 2.4644309e-24
4.5978435e+03 2.4720016e-24
4.6119858e+03 2.4795962e-24
4.6261716e+03 2.4872147e-24
4.6404011e+03 2.4948568e-24
4.6546743e+03 2.5025231e-24
4.6689914e+03 2.5102135e-24
4.6833526e+03 2.5179280e-24
4.6977579e+03 2.5256667e-24
4.7122075e+03 2.5334298e-24
4.7267016e+03 2.5412172e-24
4.7412403e+03 2.5490291e-24
4.7558236e+03 2.5568656e-24
4.7704519e+03 2.5647266e-24
4.7851251e+03 2.5726124e-24
4.7998435e+03 2.5805229e-24
4.8146071e+03 2.5884583e-24
4.8294162e+03 2.5964186e-24
4.8442708e+03 2.6044039e-24
4.8591711e+03 2.6124144e-24
4.8741172e+03 2.6204500e-24
4.8891093e+03 2.6285109e-24
4.9041475e+03 2.6365971e-24
4.9192319e+03 2.6447087e-24
4.9343628e+03 2.6528459e-24
4.9495402e+03 2.6610086e-24
4.9647643e+03 2.6691970e-24
4.9800352e+03 2.6774112e-24
4.9953531e+03 2.6856511e-24
5.0107181e+03 2.6939171e-24
5.0261303e+03 2.7022090e-24
5.0415900e+03 2.7105279e-24
5.0570972e+03 2.7188712e-24
5.0726521e+03 2.7272416e-24
5.0882549e+03 2.7356384e-24
5.1039056e+03 2.7440616e-24
5.1196045e+03 2.7525113e-24
5.1353517e+03 2.7609876e-24
5.1511473e+03 2.7694906e-24
5.1669915e+03 2.7780204e-24
5.1828844e+03 2.7865770e-24
5.1988262e+03 2.7951606e-24
5.2148171e+03 2.8037712e-24
5.2308571e+03 2.8124090e-24
5.2469465e+03 2.8210740e-24
5.2630854e+03 2.8297662e-24
5.2792739e+03 2.8384859e-24
5.2955122e+03 2.8472330e-24
5.3118004e+03 2.8560077e-24
5.3281387e+03 2.8648101e-24
5.3445273e+03 2.8736402e-24
5.3609663e+03 2.8824981e-24
5.3774559e+03 2.8913840e-24
5.3939962e+03 2.9002979e-24
5.4105874e+03 2.9092399e-24
5.4272296e+03 2.9182102e-24
5.4439230e+03 2.9272087e-24
5.4606677e+03 2.9362358e-24
5.4774639e+03 2.9452910e-24
5.4943118e+03 2.9543750e-24
5.5112116e+03 2.9634877e-24
5.5281633e+03 2.9726291e-24
5.5451671e+03 2.9817994e-24
5.5622233e+03 2.9909987e-24
5.5793319e+03 3.0002270e-24
5.5964931e+03 3.0094845e-24
5.6137071e+03 3.0187712e-24
5.6309741e+03 3.0280873e-24
5.6482942e+03 3.0374328e-24
5.6656675e+03 3.0468078e-24
5.6830943e+03 3.0562125e-24
5.7005747e+03 3.0656469e-24
5.7181088e+03 3.0751112e-24
5.7356969e+03 3.0846054e-24
5.7533391e+03 3.0941296e-24
5.7710356e+03 3.1036839e-24
5.7887865e+03 3.1132685e-24
5.8065919e+03 3.1228834e-24
5.8244522e+03 3.1325288e-24
5.8423674e+03 3.1422049e-24
5.8603377e+03 3.1519116e-24
5.8783632e+03 3.1616491e-24
5.8964443e+03 3.1714173e-24
5.9145809e+03 3.1812166e-24
5.9327733e+03 3.1910469e-24
5.9510217e+03 3.2009083e-24
5.9693262e+03 3.2108011e-24
5.9876870e+03 3.2207251e-24
6.0061042e+03 3.2306807e-24
6.0245781e+03 3.2406678e-24
6.0431089e+03 3.2506866e-24
6.0616966e+03 3.2607372e-24
6.0803416e+03 3.2708197e-24
6.0990438e+03 3.2809342e-24
6.1178036e+03 3.2910809e-24
6.1366211e+03 3.3012597e-24
6.1554965e+03 3.3114709e-24
6.1744299e+03 3.3217145e-24
6.1934216e+03 3.3319907e-24
6.2124717e+03 3.3422995e-24
6.2315804e+03 3.3526411e-24
6.2507478e+03 3.3630156e-24
6.2699742e+03 3.3734231e-24
6.2892598e+03 3.3838637e-24
6.3086046e+03 3.3943376e-24
6.3280090e+03 3.4048447e-24
6.3474731e+03 3.4153853e-24
6.3669970e+03 3.4259595e-24
6.3865810e+03 3.4365674e-24
6.4062252e+03 3.4472090e-24
6.4259298e+03 3.4578846e-24
6.4456951e+03 3.4685942e-24
6.4655211e+03 3.4793380e-24
6.4854081e+03 3.4901160e-24
6.5053563e+03 3.5009284e-24
6.5253659e+03 3.5117754e-24
6.5454370e+03 3.5226569e-24
6.5655698e+03 3.5335732e-24
6.5857646e+03 3.5445243e-24
6.6060215e+03 3.5555105e-24
6.6263406e+03 3.5665317e-24
6.6467223e+03 3.5775882e-24
6.6671667e+03 3.5886800e-24
6.6876740e+03 3.5998073e-24
6.7082443e+03 3.6109703e-24
6.7288779e+03 3.6221689e-24
6.7495750e+03 3.6334034e-24
6.7703357e+03 3.6446739e-24
6.7911603e+03 3.6559805e-24
6.8120489e+03 3.6673233e-24
6.8330018e+03 3.6787025e-24
6.8540192e+03 3.6901181e-24
6.8751012e+03 3.7015704e-24
6.8962480e+03 3.7130595e-24
6.9174599e+03 3.7245854e-24
6.9387370e+03 3.7361483e-24
6.9600796e+03 3.7477484e-24
6.9814878e+03 3.7593858e-24
7.0029619e+03 3.7710605e-24
7.0245020e+03 3.7827729e-24
7.0461083e+03 3.7945229e-24
7.0677812e+03 3.8063107e-24
7.0895207e+03 3.8181365e-24
7.1113270e+03 3.8300003e-24
7.1332004e+03 3.8419024e-24
7.1551412e+03 3.8538429e-24
7.1771494e+03 3.8658219e-24
7.1992252e+03 3.8778395e-24
7.2213690e+03 3.8898959e-24
7.2435809e+03 3.9019913e-24
7.2658612e+03 3.9141257e-24
7.2882099e+03 3.9262993e-24
7.3106274e+03 3.9385123e-24
7.3331139e+03 3.9507648e-24
7.3556695e+03 3.9630570e-24
7.3782945e+03 3.9753890e-24
7.4009891e+03 3.9877609e-24
7.4237535e+03 4.0001729e-24
7.4465879e+03 4.0126251e-24
7.4694925e+03 4.0251178e-24
7.4924676e+03 4.0376510e-24
7.5155134e+03 4.0502249e-24
7.5386300e+03 4.0628397e-24
7.5618178e+03 4.0754955e-24
7.5850769e+03 4.0881924e-24
7.6084075e+03 4.1009307e-24
7.6318099e+03 4.1137104e-24
7.6552842e+03 4.1265318e-24
7.6788308e+03 4.1393950e-24
7.7024498e+03 4.1523002e-24
7.7261414e+03 4.1652475e-24
7.7499060e+03 4.1782370e-24
7.7737436e+03 4.1912690e-24
7.7976545e+03 4.2043436e-24
7.8216390e+03 4.2174610e-24
7.8456972e+03 4.2306214e-24
7.8698295e+03 4.2438248e-24
7.8940359e+03 4.2570716e-24
7.9183169e+03 4.2703618e-24
7.9426725e+03 4.2836956e-24
7.9671030e+03 4.2970733e-24
7.9916087e+03 4.3104949e-24
8.0161898e+03 4.3239606e-24
8.0408464e+03 4.3374707e-24
8.0655789e+03 4.3510254e-24
8.0903875e+03 4.3646247e-24
8.1152724e+03 4.3782688e-24
8.1402338e+03 4.3919581e-24
8.1652720e+03 4.4056926e-24
8.1903872e+03 4.4194725e-24
8.2155797e+03 4.4332980e-24
8.2408496e+03 4.4471693e-24
8.2661973e+03 4.4610866e-24
8.2916230e+03 4.4750502e-24
8.3171268e+03 4.4890600e-24
8.3427091e+03 4.5031165e-24
8.3683701e+03 4.5172198e-24
8.3941100e+03 4.5313700e-24
8.4199291e+03 4.5455674e-24
8.4458276e+03 4.5598122e-24
8.4718058e+03 4.5741046e-24
8.4978639e+03 4.5884447e-24
8.5240021e+03 4.6028329e-24
8.5502207e+03 4.6172693e-24
8.5765200e+03 4.6317541e-24
8.6029001e+03 4.6462876e-24
8.6293614e+03 4.6608699e-24
8.6559041e+03 4.6755013e-24
8.6825285e+03 4.6901820e-24
8.7092347e+03 4.7049122e-24
8.7360231e+03 4.7196922e-24
8.7628938e+03 4.7345221e-24
8.7898472e+03 4.7494023e-24
8.8168836e+03 4.7643329e-24
8.8440030e+03 4.7793142e-24
8.8712059e+03 4.7943464e-24
8.8984925e+03 4.8094297e-24
8.9258630e+03 4.8245645e-24
8.9533177e+03 4.8397510e-24
8.9808568e+03 4.8549893e-24
9.0084807e+03 4.8702798e-24
9.0361895e+03 4.8856228e-24
9.0639835e+03 4.9010184e-24
9.0918630e+03 4.9164669e-24
9.1198283e+03 4.9319687e-24
9.1478796e+03 4.9475239e-24
9.1760172e+03 4.9631329e-24
9.2042413e+03 4.9787960e-24
9.2325522e+03 4.9945133e-24
9.2609503e+03 5.0102852e-24
9.2894356e+03 5.0261121e-24
9.3180086e+03 5.0419941e-24
9.3466695e+03 5.0579316e-24
9.3754185e+03 5.0739249e-24
9.4042560e+03 5.0899742e-24
9.4331821e+03 5.1060800e-24
9.4621973e+03 5.1222425e-24
9.4913016e+03 5.1384620e-24
9.5204955e+03 5.1547389e-24
9.5497792e+03 5.1710735e-24
9.5791530e+03 5.1874662e-24
9.6086171e+03 5.2039172e-24
9.6381718e+03 5.2204270e-24
9.6678175e+03 5.2369958e-24
9.6975543e+03 5.2536241e-24
9.7273826e+03 5.2703122e-24
9.7573027e+03 5.2870605e-24
9.7873147e+03 5.3038694e-24
9.8174191e+03 5.3207392e-24
9.8476161e+03 5.3376705e-24
9.8779060e+03 5.3546634e-24
9.9082890e+03 5.3717186e-24
9.9387655e+03 5.3888364e-24
9.9693357e+03 5.4060172e-24
1.0000000e+04 5.4232615e-24
