2.073634441896645975e-01
2.739855982016627944e-01
2.897298933550183087e-01
2.129968610490668157e-01
2.346733565450263570e-01
4.007327137791953375e-01
2.384256864805844589e-01
1.988260637481607529e-01
3.757782362198805459e-01
2.334672318126989055e-01
2.962364134449176345e-01
2.231717416553233579e-01
2.883947501374232725e-01
1.959509164458543284e-01
2.397092549314276400e-01
3.005705190620213685e-01
3.438463283480864829e-01
2.024820110405675944e-01
3.090048011728400712e-01
2.439176984031823647e-01
2.734549977649317620e-01
2.132490591946268332e-01
2.980533946296397008e-01
3.487762885417726721e-01
2.159214580778216208e-01
3.943449306342901584e-01
2.322751404725117985e-01
3.043794834697908791e-01
2.589293433260111410e-01
2.009453260421059928e-01
3.531331059264645744e-01
3.236343469097888170e-01
2.831835422839991678e-01
3.580999484496802943e-01
3.403471058334159860e-01
2.698218497190793541e-01
2.600758107234605321e-01
3.570064428895636799e-01
3.760608577677028164e-01
2.434971555401382604e-01
2.758968331380686756e-01
2.289762687449187484e-01
1.921531856381782088e-01
3.223399933167939158e-01
2.700962281748747751e-01
2.177100041554914100e-01
3.487706247805989479e-01
2.207013100118705162e-01
3.922825084971921505e-01
2.309351588850714065e-01
3.400137662230436897e-01
2.281582093684225987e-01
1.998228876628592998e-01
4.476563215226599390e-01
2.125624527673879993e-01
2.659509703394981051e-01
3.462714751512268041e-01
3.890504958229860644e-01
2.378590926815642437e-01
1.952099280202012344e-01
2.526763796396109263e-01
2.865279584788230083e-01
4.413930043957756122e-01
2.523501938744188156e-01
2.916349834323995749e-01
2.026556952579636195e-01
2.938588868478275717e-01
3.698573988598887197e-01
2.369592315515515191e-01
2.525318592154170982e-01
2.164219758409243188e-01
2.749958172017579194e-01
2.984370116978452003e-01
2.140617103392818132e-01
3.456248971090440936e-01
3.272854741790838240e-01
3.884285585525911189e-01
3.083012461097316970e-01
4.744025057129220846e-01
3.106468069026881995e-01
4.684743563382961495e-01
3.186579418762667260e-01
3.499542300090432989e-01
2.434451201577956803e-01
2.729037778597354080e-01
2.979416523952932438e-01
2.047389804850437423e-01
2.719113110595027250e-01
3.140323627879746948e-01
2.201856205560037139e-01
3.707326532775743755e-01
3.429811100299576809e-01
2.262588168398667887e-01
3.026700221994160223e-01
2.212267979378198801e-01
4.846414945929271023e-01
2.408062680733234484e-01
4.034188112903141499e-01
4.478778477586646822e-01
2.342120634940430546e-01
3.410112583857809465e-01
2.317801609866974311e-01
2.122154535992888391e-01
4.219458964429937953e-01
3.912037880176955640e-01
3.131865267582177870e-01
4.119100618992145857e-01
3.711430901131130278e-01
2.864000835299834180e-01
3.450593422151857492e-01
2.286586282075081245e-01
2.218879024110534393e-01
2.332922401393229539e-01
3.591332613388403816e-01
3.729824367964593157e-01
4.897886917139547824e-01
5.446528702790373044e-01
3.619903249796869726e-01
2.500340167457206775e-01
2.261819884797001690e-01
2.141604654398046037e-01
3.568333542735612207e-01
2.669619463580072405e-01
2.156863552489500790e-01
4.744634366841771200e-01
2.064120556989301747e-01
2.411271335656908210e-01
3.340266727941498814e-01
3.579261101867600159e-01
5.907174577702545282e-01
2.569677297275366201e-01
3.063720555666121781e-01
3.062740629109121371e-01
4.252604582959373936e-01
2.997521424900403963e-01
4.245082676364639318e-01
4.551566014415338590e-01
2.790766885312816470e-01
2.223233249009138879e-01
2.331857448612473516e-01
2.592231740832615094e-01
4.267798154704859348e-01
3.317245158698683971e-01
3.509736638011229926e-01
3.905594663641354658e-01
2.292943908472883374e-01
4.219382071077441010e-01
4.726905991051549849e-01
3.106092301558883162e-01
2.148956950536334842e-01
4.063111394697398460e-01
2.498964839269058047e-01
2.590898309229019425e-01
3.324942349165022626e-01
2.424515745000251077e-01
2.225693112547674490e-01
2.098043030151238719e-01
3.835078761065270347e-01
3.370135795193134887e-01
3.014088828308710277e-01
3.424125796007539413e-01
5.459003936430731896e-01
5.325828381243388199e-01
3.410029276678449017e-01
3.530449965479526830e-01
4.609123457661618017e-01
2.393440010674384166e-01
3.960723883398257761e-01
4.167947556248809970e-01
3.564719182526832619e-01
3.776542584216801002e-01
3.480242281156295525e-01
3.971154171745736594e-01
5.454472306965861828e-01
2.900302135202417753e-01
2.415426534330553099e-01
2.549139129019287187e-01
3.041116213602049756e-01
9.297426106753131636e-01
4.710676433166501864e-01
7.137888741323840103e-01
3.380971799297082248e-01
2.571215935822581122e-01
2.672423837756641718e-01
2.668467222244550463e-01
2.315159331396245967e-01
2.706493712491308545e-01
3.457094723935192904e-01
2.988804753997960639e-01
2.304943984871865026e-01
2.263579716790146412e-01
6.031083604087114081e-01
2.225735989273067428e-01
4.199314448130636590e-01
3.163469097023665078e-01
3.705075678406602457e-01
5.287717456063460997e-01
3.945089248251939518e-01
4.459032459177855734e-01
4.197142697134707001e-01
2.794167041158129861e-01
2.659664920860566051e-01
3.950199918810330946e-01
3.697309435212997597e-01
3.288610279873792064e-01
4.361324492617492110e-01
3.877844658200761963e-01
5.091021074667180235e-01
4.823367989495286889e-01
3.230741210396151919e-01
3.669649821943530288e-01
3.966219859016636984e-01
3.341828913699438908e-01
4.670430182004741693e-01
3.909928209741242444e-01
4.436969124369488648e-01
2.645543965358035376e-01
4.041518212547708377e-01
3.088808391306499535e-01
5.303050684528792802e-01
6.111282917894362843e-01
5.366043678698816377e-01
4.580059160918261707e-01
5.818559167414240063e-01
2.324732940381914470e-01
5.977838743143227829e-01
4.885866832833832274e-01
2.839105277438144226e-01
3.651062086151281028e-01
2.332325292564040309e-01
4.450093174952144959e-01
4.934701954625250186e-01
4.169763899725638656e-01
8.210683555721935978e-01
4.186571231029133644e-01
3.310660066810421909e-01
4.995378211171956351e-01
4.290053630421244435e-01
3.047321255918925553e-01
4.813371680928607010e-01
2.685465422365160837e-01
2.769396672602925658e-01
2.424280445942232909e-01
4.540117860030697394e-01
3.308346778164548141e-01
4.403820605521359122e-01
3.343291500641913383e-01
4.157753015090361326e-01
9.098965388467626925e-01
2.690907137070077115e-01
2.485696154198182017e-01
3.029825647483088691e-01
6.318347746183959890e-01
7.103638157861029701e-01
2.378646812742795102e-01
3.732161228482804294e-01
2.581508173515805749e-01
2.641691911038824281e-01
4.894207898528495360e-01
9.043202324936300274e-01
2.825763904662614845e-01
5.741366883437833968e-01
3.214638436903791141e-01
2.565110577394477120e-01
2.931590658238702463e-01
3.024381227912371628e-01
3.079212202928195974e-01
2.371846476739118692e-01
4.614289280572335117e-01
3.035876080508764785e-01
5.878357227416556308e-01
2.273508385843935886e-01
5.747983057284437036e-01
3.041117221490319822e-01
6.025530199273942955e-01
2.636394577093120195e-01
2.426006000968055631e-01
2.935529244674558447e-01
7.131216731776064410e-01
4.823612804850261893e-01
3.225772991869156336e-01
5.296549509556846003e-01
6.167401475492273466e-01
2.850137366937294803e-01
5.057292404480170367e-01
8.013715974698584210e-01
4.548037049997230574e-01
2.955591411431332527e-01
2.998183050643393188e-01
4.585486233269678302e-01
6.622259647204026267e-01
5.031917342032109497e-01
6.377213781471718912e-01
2.488690938091614735e-01
2.353114963708801688e-01
3.962491470523017978e-01
5.206087324042323328e-01
2.934144945243378766e-01
4.672761679112573119e-01
3.755496058952018656e-01
3.887818459116960668e-01
5.991336106161879727e-01
5.951679968868882620e-01
4.995473584488983598e-01
4.995886014035994527e-01
3.081148120024918557e-01
2.564093345737910590e-01
8.282761186818062837e-01
4.660600884955364842e-01
3.834661884519091068e-01
4.160528376209472468e-01
2.797881086602667100e-01
2.521870153672854387e-01
3.571024376055126903e-01
4.230677668124843138e-01
3.285041093399097001e-01
6.475110310255196566e-01
3.384830757444661220e-01
3.399377159813553040e-01
5.512561935753163000e-01
3.258476489070940563e-01
2.510865649141665878e-01
7.430733956048872768e-01
5.610732081819412853e-01
2.270989023473437007e-01
2.807777880828407624e-01
6.338267530846420916e-01
6.988685636982366889e-01
7.750074071527108810e-01
2.827586716975257208e-01
5.698839097537423681e-01
5.423576733885223655e-01
4.185505506284152299e-01
5.477885029679369078e-01
2.645462349578639460e-01
3.700873939526020395e-01
4.991593660091462326e-01
3.083196836527026252e-01
3.690991351408917653e-01
5.977742424118674958e-01
3.102987446331901822e-01
7.115604511161209844e-01
7.438099634367484336e-01
4.396444308940419821e-01
2.936462303537135665e-01
7.109487870695663236e-01
3.309402474263057337e-01
5.306629991384081979e-01
3.417781583207651908e-01
5.282246366636882406e-01
5.550440807377702290e-01
7.896461015047951948e-01
6.574217117642062735e-01
3.716848100111077580e-01
9.327530519065145853e-01
3.068670448206852752e-01
2.588769510872279134e-01
3.619958101092440872e-01
8.767332381297029409e-01
3.315436845324085113e-01
4.696512434692058924e-01
3.674189735796957734e-01
2.978552347561825853e-01
2.514115215889132227e-01
4.575485991112470119e-01
3.929647826920230069e-01
6.271940596555199976e-01
4.865142527947413642e-01
3.800409437192393547e-01
7.703341819590558970e-01
4.602822172060464512e-01
5.903430236705980994e-01
5.162225928859125457e-01
7.924645932616379840e-01
3.262230019692033411e-01
2.866637428921686159e-01
5.437441269722401715e-01
3.336246461924778917e-01
6.029896639940998115e-01
4.993453622783688983e-01
4.431988847924901997e-01
5.416845274373144337e-01
5.674268767801907698e-01
3.702382877127706751e-01
6.001399007457386414e-01
4.500292486621309540e-01
3.795799939326450212e-01
6.320449428160883620e-01
8.024031534317401793e-01
6.038624726694914457e-01
4.055323269475109571e-01
6.563855647590208786e-01
6.480865225137274477e-01
7.523756804039010149e-01
8.262785293946524057e-01
6.077311016261200960e-01
3.798639558649958836e-01
3.464250047999058446e-01
5.934536742782762220e-01
8.752364710737448039e-01
4.720748327960319624e-01
8.063525082925501186e-01
7.846136265137770849e-01
5.167954402972115835e-01
6.210781158296692084e-01
3.647147532384030222e-01
3.116751145732122863e-01
3.209426459999000225e-01
4.784918522159161136e-01
8.114670061052398076e-01
4.540763387979369070e-01
7.480248118769802224e-01
4.883069730859375679e-01
9.206158342755584867e-01
7.158912645661212881e-01
7.189773757008085520e-01
4.639256312566221174e-01
6.682103854599391601e-01
2.523676961290163279e-01
3.910319832526378270e-01
8.000953124089302815e-01
3.125417677789402715e-01
6.884033911916128678e-01
2.804082293452567209e-01
4.869918779156530153e-01
6.340345688534304580e-01
5.228377558275616455e-01
6.544602049540624300e-01
4.357619168867761239e-01
3.442813393740440375e-01
4.298079852816708568e-01
7.223869937028254418e-01
5.055733405051374696e-01
3.391979664910259040e-01
4.274552722931442283e-01
4.803299545649292179e-01
4.010338789648425495e-01
5.917913415759427087e-01
3.709643378545141035e-01
3.909665223321744931e-01
4.932034404859596544e-01
6.949041500840110741e-01
5.591328486476193627e-01
2.821922800446873270e-01
7.021046296192409164e-01
6.554175412437829307e-01
5.798588472108585634e-01
2.815988347520602675e-01
4.106891657580257760e-01
4.142689938538426930e-01
5.199785450733407366e-01
5.648447840222685645e-01
6.868286598609376625e-01
4.301107747633267642e-01
5.352208372458249208e-01
5.085320463060993834e-01
6.864494131727829629e-01
4.900308297621104869e-01
2.710139727814019905e-01
3.641815282079780558e-01
6.807355323105104272e-01
7.997768730513555857e-01
7.558574570242835300e-01
5.639469601417781419e-01
5.817031497030089593e-01
3.828825226697188389e-01
7.995477041521775741e-01
4.107637065234100437e-01
5.659719104827720670e-01
6.052000756803078696e-01
5.219506127979951504e-01
4.066584890051114787e-01
4.122425777728009333e-01
6.039072404064300681e-01
6.611083338367934603e-01
5.335317950073295012e-01
5.324325241767023931e-01
7.072201560322936009e-01
4.209315951137366785e-01
6.810632391043096590e-01
3.509639528803509267e-01
2.806725338452920049e-01
5.367299882706279002e-01
6.309685221588205994e-01
7.155423001546185047e-01
5.466450241635694152e-01
6.354061729973433659e-01
5.896591614590691588e-01
3.438067767395713847e-01
7.638668179419377813e-01
4.404153293147591297e-01
6.575285914709176893e-01
4.305591571284192454e-01
6.364350479076843481e-01
5.796220131076846860e-01
6.989206990636166461e-01
3.571693252716862665e-01
3.535256338540742616e-01
5.410738642941868015e-01
7.241451450024261050e-01
3.788430418459028393e-01
6.438585514183017278e-01
5.620643542658237957e-01
4.922732632716847467e-01
5.416445916612160350e-01
6.235254565007586347e-01
6.254979761656197512e-01
5.591253530442801267e-01
8.313144437726799341e-01
7.426901017016946938e-01
4.930874895654508983e-01
4.093535022196183037e-01
5.885083629923575366e-01
5.800758159951130422e-01
5.125795110072765004e-01
5.190190724509637921e-01
4.219602027709056791e-01
3.569829240618635491e-01
3.299034074270234540e-01
3.320580500265280510e-01
5.869233244040529263e-01
5.705047897682904434e-01
5.122218792373793850e-01
5.919185557686237331e-01
6.025381710064966478e-01
5.487159477676519792e-01
5.609313448846747763e-01
3.547580421282173213e-01
6.191455018910857477e-01
6.006159403780204631e-01
6.384403747178530875e-01
6.441852883947454256e-01
6.077413384537608820e-01
9.593221852857368726e-01
5.268638121802516894e-01
2.905841394433026359e-01
7.366011388907108826e-01
7.442975585772092506e-01
7.541237554971654822e-01
6.318387971303176531e-01
3.983953547412020790e-01
8.298931356780125945e-01
5.282925124820746499e-01
3.506625465066866010e-01
3.959827944472418815e-01
5.958221174357907213e-01
4.168112514590999740e-01
8.350107816594298793e-01
5.026600502892614175e-01
6.250307051797165947e-01
5.690412486593178221e-01
5.741464373480004157e-01
3.408309832602669509e-01
6.151958337201830496e-01
7.304566424834612048e-01
6.406827012899226625e-01
3.572591592863665344e-01
4.119922732498613183e-01
7.826199951736363403e-01
7.543702598606540910e-01
5.056471074896112805e-01
7.099133261273714579e-01
9.422207325373161968e-01
5.433990668610337860e-01
8.202775698842958985e-01
6.966324177451315158e-01
6.596538577098882694e-01
6.710235358060199218e-01
3.666189776008639822e-01
6.307884551492692893e-01
6.144283308134118604e-01
6.838677728962840874e-01
5.029604196155436080e-01
4.199717967671895424e-01
5.544891678985293115e-01
4.476688752430822427e-01
5.812586963391578321e-01
6.544723944108085112e-01
8.647729499394709585e-01
8.090225870677696385e-01
7.136622024881035253e-01
7.248582701820122098e-01
3.762404736831858609e-01
6.730241090509029300e-01
3.303823488552903309e-01
6.217765357911111401e-01
6.244394990329313888e-01
5.466819610934533502e-01
4.785826406885668183e-01
5.610836413452117144e-01
4.669509760574566126e-01
4.425763755791985443e-01
5.804116968535465437e-01
5.603757264529952709e-01
4.899429890449316649e-01
5.885211941871406616e-01
4.480991354495275636e-01
7.369790256959906083e-01
4.843069663422553406e-01
4.989786241702079406e-01
6.056021413386033503e-01
4.054919055641927894e-01
5.566798162315358400e-01
4.921141173361315846e-01
5.749509204177662980e-01
5.547163890025590405e-01
6.871212225566848408e-01
3.295078458844015179e-01
6.379459321671387961e-01
7.054910761549625375e-01
6.513355688348126948e-01
6.425524981368427868e-01
5.812120362886114000e-01
4.320844671252017655e-01
7.069126603869523295e-01
5.022674214812956617e-01
6.499869271111853308e-01
7.920696161913227673e-01
5.669110083914488118e-01
6.278429574371690025e-01
5.621323180853072810e-01
7.116520300538449195e-01
3.642654200713034696e-01
3.303327742313781346e-01
4.899955566561896014e-01
3.842799652566280533e-01
5.264984820870325377e-01
4.825036833495113253e-01
9.167892033446980449e-01
6.093616005258516433e-01
7.280864854330270086e-01
6.874224834722243438e-01
6.183816209808912223e-01
3.095417298253591021e-01
6.680412635149735046e-01
5.451277806064496190e-01
6.447964269379833357e-01
6.188382844811229910e-01
6.281870689690687293e-01
4.866299632957387655e-01
5.396740457111391942e-01
5.767503795311090808e-01
6.291441366187486839e-01
6.049498339385714907e-01
6.777132027091139488e-01
5.995671795078802990e-01
8.023906067974794221e-01
5.185748305577022599e-01
4.150097972779777655e-01
3.800830175077506423e-01
4.220976108965560636e-01
3.707989833713907224e-01
3.878045108412132569e-01
5.884482983341974283e-01
7.061273864014849799e-01
8.753148851753387305e-01
6.909218991989213299e-01
3.009107821487000400e-01
6.487305088979387069e-01
5.865126113353299475e-01
5.991116234944972030e-01
2.709634896444358954e-01
6.032611904002569414e-01
6.110040811650199188e-01
6.210680295355117675e-01
4.004454341205729850e-01
5.665653365855921608e-01
6.365445478217761632e-01
5.778538853598772507e-01
3.784745709039230022e-01
6.063519459013642088e-01
5.657082063026320773e-01
7.082181666850121404e-01
5.684881981888100233e-01
5.180522704187048300e-01
5.730717675239237474e-01
4.876468815810888202e-01
4.531498728554506639e-01
5.377165033904601765e-01
4.936555440923571236e-01
4.882797643331118764e-01
6.104090192866724607e-01
7.596761088095412839e-01
5.847895783692820260e-01
6.116222760679753678e-01
6.385509148625222453e-01
4.092928471309720817e-01
7.029055232953625998e-01
5.799770101593221261e-01
5.573881691573092656e-01
8.641832027864242427e-01
2.717031635599472250e-01
3.538675441661116583e-01
5.387025189146140702e-01
5.430928153231892042e-01
4.685412490412417807e-01
6.230596511362894718e-01
5.286679581252339277e-01
3.054114327694753550e-01
3.576733467844257497e-01
5.336426910601694829e-01
4.996853780585925331e-01
5.602719612157296414e-01
6.908034643154262744e-01
6.726675648246561723e-01
6.017009695471927655e-01
4.629015521642897424e-01
5.757244533816142651e-01
5.706976201544000649e-01
5.740706977028950941e-01
5.851816009827407461e-01
5.910291913897882665e-01
4.522732609203431453e-01
6.006371240524605026e-01
5.368620132990317151e-01
6.458104496248529003e-01
5.481065103328339738e-01
5.834139694233251294e-01
2.813109180197701509e-01
3.810144302629451807e-01
6.870581338680076255e-01
4.799341651285643495e-01
5.759762597011743868e-01
5.881304128137502252e-01
5.645341175255003119e-01
6.166700597617106316e-01
5.966589986308362681e-01
5.879248281616042959e-01
6.204717292771925186e-01
5.477983406137774125e-01
2.862466450830511988e-01
5.436340451202097412e-01
4.988780253330393766e-01
5.739749703273054893e-01
3.309275825048691999e-01
5.505831379455592423e-01
7.051015507697633300e-01
5.533091688048991097e-01
5.668015299215314329e-01
2.738147992948786746e-01
6.977919943700218175e-01
6.444553364444414179e-01
4.644523730704388509e-01
6.698741589249026518e-01
5.702765540179970394e-01
6.039747850721577382e-01
6.183745051236722023e-01
