5.000000000000000888e+00 7.284950143502611618e-24
5.034693157380139006e+00 7.046858367982600904e-24
5.069627037794075974e+00 6.820574397102834870e-24
5.104803311530234922e+00 6.605255085601066764e-24
5.140223660466546995e+00 6.400127450030675290e-24
5.175889778150882137e+00 6.204482881039139181e-24
5.211803369882009207e+00 6.017671795402294173e-24
5.247966152791137873e+00 5.839098669533402131e-24
5.284379855924021818e+00 5.668217469750684973e-24
5.321046220323622400e+00 5.504527424784298759e-24
5.357966999113356721e+00 5.347569124542597242e-24
5.395143957580921246e+00 5.196920946786386246e-24
5.432578873262690955e+00 5.052195765960958124e-24
5.470273536028714467e+00 4.913037926725189606e-24
5.508229748168283813e+00 4.779120480572539800e-24
5.546449324476114384e+00 4.650142647225217294e-24
5.584934092339116418e+00 4.525827513789245587e-24
5.623685891823758887e+00 4.405919892065172147e-24
5.662706575764059558e+00 4.290184406469091510e-24
5.701998009850164806e+00 4.178403731910970630e-24
5.741562072717556475e+00 4.070376982297054371e-24
5.781400656036880470e+00 3.965918251321392568e-24
5.821515664604382856e+00 3.864855289401754096e-24
5.861909016432995223e+00 3.767028288393607961e-24
5.902582642844026672e+00 3.671270468840529972e-24
5.943538488559517496e+00 3.577541827488325171e-24
5.984778511795218137e+00 3.486778009941090415e-24
6.026304684354212071e+00 3.398851742366222700e-24
6.068118991721204836e+00 3.313643860740686058e-24
6.110223433157442763e+00 3.231042647699666719e-24
6.152620021796308514e+00 3.150943206022997987e-24
6.195310784739581855e+00 3.073246915794507649e-24
6.238297763154347919e+00 2.997860918277638422e-24
6.281583012370603569e+00 2.924697660664207561e-24
6.325168601979518357e+00 2.853674474756675796e-24
6.369056615932393584e+00 2.784713198095379724e-24
6.413249152640303485e+00 2.717739818404129021e-24
6.457748325074419427e+00 2.652684170824975590e-24
6.502556260867045523e+00 2.589479640700110797e-24
6.547675102413337278e+00 2.528062904171949535e-24
6.593107006973743189e+00 2.468373695739518490e-24
6.638854146777149801e+00 2.410354576347538782e-24
6.684918709124731961e+00 2.353107147259192295e-24
6.731302896494550936e+00 2.297434758009546957e-24
6.778008926646843513e+00 2.243308632321404351e-24
6.825039032730071398e+00 2.190680118643815259e-24
6.872395463387687364e+00 2.139502571184546893e-24
6.920080482865659022e+00 2.089731223678583194e-24
6.968096371120712895e+00 2.041323084566031935e-24
7.016445423929364544e+00 1.994236825952373115e-24
7.065129952997670770e+00 1.948432684400086640e-24
7.114152286071764308e+00 1.903872380081629239e-24
7.163514767049155907e+00 1.860519032349443612e-24
7.213219756090789581e+00 1.818337080415876423e-24
7.263269629733905219e+00 1.777292227399029331e-24
7.313666781005652595e+00 1.737351363922796339e-24
7.364413619537513611e+00 1.698482517164740092e-24
7.415512571680523024e+00 1.660654793834140750e-24
7.466966080621261881e+00 1.623838330933405825e-24
7.518776606498691173e+00 1.588004251107503739e-24
7.570946626521762646e+00 1.553124614495156293e-24
7.623478635087869826e+00 1.519172384381550919e-24
7.676375143902114395e+00 1.486121389647395146e-24
7.729638682097387914e+00 1.453946280498791727e-24
7.783271796355308858e+00 1.422622508090243724e-24
7.837277051027977670e+00 1.392126286736127972e-24
7.891657028260587126e+00 1.362434563473176477e-24
7.946414328114890679e+00 1.333524996192826633e-24
8.001551568693503924e+00 1.305375924618035017e-24
8.057071386265098667e+00 1.277966345189269447e-24
8.112976435390438112e+00 1.251275890692933097e-24
8.169269389049306440e+00 1.225284804868090144e-24
8.225952938768314127e+00 1.199973924729526081e-24
8.283029794749570129e+00 1.175324658720634387e-24
8.340502686000293764e+00 1.151318965969073550e-24
8.398374360463268573e+00 1.127939343438323437e-24
8.456647585148241220e+00 1.105168803180240805e-24
8.515325146264222766e+00 1.082990857310947356e-24
8.574409849352699453e+00 1.061389502835880738e-24
8.633904519421777835e+00 1.040349204694973349e-24
8.693812001081255403e+00 1.019854882026920768e-24
8.754135158678622020e+00 9.998918927760086579e-25
8.814876876436029463e+00 9.804460201025304122e-25
8.876040058588174020e+00 9.615034613263883243e-25
8.937627629521175621e+00 9.430508089892222390e-25
8.999642533912386000e+00 9.250750443513367662e-25
9.062087736871186294e+00 9.075635231321218567e-25
9.124966224080763411e+00 8.905039627624741105e-25
9.188281001940856285e+00 8.738844324332854969e-25
9.252035097711509337e+00 8.576933408786729123e-25
9.316231559657802919e+00 8.419194272632271188e-25
9.380873457195605170e+00 8.265517493795881733e-25
9.445963881038332843e+00 8.115796747156866120e-25
9.511505943344722880e+00 7.969928692856318892e-25
9.577502777867637818e+00 7.827812890628563013e-25
9.643957540103892612e+00 7.689351725365558943e-25
9.710873407445131278e+00 7.554450288021194902e-25
9.778253579329746259e+00 7.423016308190274814e-25
9.846101277395861828e+00 7.294960076947629137e-25
9.914419745635354886e+00 7.170194336974133511e-25
9.983212250548969990e+00 7.048634251995983469e-25
1.005248208130249488e+01 6.933363322122698089e-25
1.012223254988401777e+01 6.821939904976342562e-25
1.019246699126231981e+01 6.713248831172452120e-25
1.026318876354625864e+01 6.607223020827885395e-25
1.033440124814541505e+01 6.503797161267765997e-25
1.040610784993169524e+01 6.402907636449748522e-25
1.047831199740216412e+01 6.304492496158447879e-25
1.055101714284298176e+01 6.208491391017526979e-25
1.062422676249441267e+01 6.114845520549523750e-25
1.069794435671711241e+01 6.023497585353122630e-25
1.077217345015942129e+01 5.934391756748348330e-25
1.084691759192592109e+01 5.847473612742259537e-25
1.092218035574714108e+01 5.762690096151688073e-25
1.099796534015037253e+01 5.679989483120320839e-25
1.107427616863180120e+01 5.599321342536966914e-25
1.115111648982969150e+01 5.520636478857193481e-25
1.122848997769887447e+01 5.443886923060308404e-25
1.130640033168639569e+01 5.369025868083566088e-25
1.138485127690839782e+01 5.296007651604036839e-25
1.146384656432824833e+01 5.224787720032932959e-25
1.154338997093584673e+01 5.155322588297996242e-25
1.162348529992824453e+01 5.087569819798315357e-25
1.170413638089146957e+01 5.021487981059598198e-25
1.178534706998363824e+01 4.957036630637851440e-25
1.186712125011933594e+01 4.894176276149072497e-25
1.194946283115524999e+01 4.832868358612567518e-25
1.203237575007712579e+01 4.773075215435109066e-25
1.211586397118800207e+01 4.714760069702620642e-25
1.219993148629774993e+01 4.657886991851470635e-25
1.228458231491395480e+01 4.602420882971793736e-25
1.236982050443406855e+01 4.548327459754880776e-25
1.245565013033894708e+01 4.495573219222646134e-25
1.254207529638770424e+01 4.444125430714684072e-25
1.262910013481392113e+01 4.393952107298856651e-25
1.271672880652324622e+01 4.345021993947065850e-25
1.280496550129229583e+01 4.297304541457097820e-25
1.289381443796900939e+01 4.250769900060181747e-25
1.298327986467436013e+01 4.205388892132535022e-25
1.307336605900545834e+01 4.161133002085211835e-25
1.316407732824010424e+01 4.117974356243124126e-25
1.325541800954269256e+01 4.075885713684022433e-25
1.334739247017160935e+01 4.034840448852934901e-25
1.344000510768803558e+01 3.994812532770346331e-25
1.353326035016620388e+01 3.955776531672142490e-25
1.362716265640514379e+01 3.917707579303902539e-25
1.372171651614182508e+01 3.880581378309840659e-25
1.381692645026585531e+01 3.844374177281561244e-25
1.391279701103562694e+01 3.809062768071949160e-25
1.400933278229597434e+01 3.774624463757628429e-25
1.410653837969735847e+01 3.741037100730234643e-25
1.420441845091651878e+01 3.708279016520870150e-25
1.430297767587871505e+01 3.676329046047134928e-25
1.440222076698148790e+01 3.645166508920795667e-25
1.450215246931995594e+01 3.614771202987480954e-25
1.460277756091373114e+01 3.585123391542117216e-25
1.470410085293531743e+01 3.556203794229293326e-25
1.480612718994017740e+01 3.527993579729342101e-25
1.490886145009836561e+01 3.500474355783920843e-25
1.501230854542774473e+01 3.473628161952786878e-25
1.511647342202888744e+01 3.447437459539799954e-25
1.522136106032151126e+01 3.421885126958644583e-25
1.532697647528264007e+01 3.396954445142861404e-25
1.543332471668636963e+01 3.372629096240881770e-25
1.554041086934531712e+01 3.348893152491664410e-25
1.564824005335375823e+01 3.325731069992933350e-25
1.575681742433239485e+01 3.303127679847426093e-25
1.586614817367488683e+01 3.281068182437943639e-25
1.597623752879606585e+01 3.259538139935707332e-25
1.608709075338185457e+01 3.238523466896394874e-25
1.619871314764099068e+01 3.218010427519394886e-25
1.631111004855834778e+01 3.197985625034723004e-25
1.642428683015022273e+01 3.178435996724341369e-25
1.653824890372121104e+01 3.159348807479467860e-25
1.665300171812294039e+01 3.140711640865258750e-25
1.676855076001465861e+01 3.122512395997598269e-25
1.688490155412545590e+01 3.104739278700898317e-25
1.700205966351853704e+01 3.087380796210363071e-25
1.712003068985712417e+01 3.070425749735197810e-25
1.723882027367231728e+01 3.053863230524724304e-25
1.735843409463281262e+01 3.037682611327175964e-25
1.747887787181637265e+01 3.021873541999586891e-25
1.760015736398340280e+01 3.006425943214925215e-25
1.772227836985217664e+01 2.991329999463804467e-25
1.784524672837614645e+01 2.976576154658527761e-25
1.796906831902314394e+01 2.962155106362536897e-25
1.809374906205639988e+01 2.948057799274701356e-25
1.821929491881772734e+01 2.934275420149946598e-25
1.834571189201246710e+01 2.920799392668824581e-25
1.847300602599650787e+01 2.907621371009002854e-25
1.860118340706534568e+01 2.894733235945621747e-25
1.873025016374496232e+01 2.882127087662809372e-25
1.886021246708499532e+01 2.869795243108980053e-25
1.899107653095367709e+01 2.857730228829067417e-25
1.912284861233499456e+01 2.845924776329635579e-25
1.925553501162785963e+01 2.834371818182515768e-25
1.938914207294728342e+01 2.823064481716496614e-25
1.952367618442780639e+01 2.811996085186318257e-25
1.965914377852884698e+01 2.801160133351031525e-25
1.979555133234229203e+01 2.790550311602568953e-25
1.993290536790221168e+01 2.780160482625768145e-25
2.007121245249660646e+01 2.769984681196816158e-25
2.021047919898153822e+01 2.760017110452657469e-25
2.035071226609719020e+01 2.750252136681461068e-25
2.049191835878630386e+01 2.740684286351445073e-25
2.063410422851477577e+01 2.731308240632650148e-25
2.077727667359437191e+01 2.722118832444339685e-25
2.092144253950791111e+01 2.713111041823017115e-25
2.106660871923644152e+01 2.704279992336175860e-25
2.121278215358888275e+01 2.695620947303829320e-25
2.135996983153390261e+01 2.687129305549273739e-25
2.150817879053397164e+01 2.678800598360166695e-25
2.165741611688200052e+01 2.670630485863880620e-25
2.180768894604002384e+01 2.662614752807138754e-25
2.195900446298042752e+01 2.654749306411711408e-25
2.211136990252950341e+01 2.647030171771141972e-25
2.226479254971327393e+01 2.639453489130602486e-25
2.241927974010593871e+01 2.632015510821028038e-25
2.257483886018050612e+01 2.624712598161066515e-25
2.273147734766199335e+01 2.617541217630831168e-25
2.288920269188310286e+01 2.610497939133632373e-25
2.304802243414216534e+01 2.603579432205163555e-25
2.320794416806389648e+01 2.596782463288383854e-25
2.336897553996231380e+01 2.590103893480634073e-25
2.353112424920640322e+01 2.583540675116999897e-25
2.369439804858827614e+01 2.577089849864586216e-25
2.385880474469372459e+01 2.570748545386006363e-25
2.402435219827565405e+01 2.564513973697584759e-25
2.419104832462978294e+01 2.558383427906609340e-25
2.435890109397316294e+01 2.552354280550660174e-25
2.452791853182525017e+01 2.546423980992203378e-25
2.469810871939160180e+01 2.540590052929063514e-25
2.486947979395032249e+01 2.534850092637180766e-25
2.504203994924105814e+01 2.529201766631356968e-25
2.521579743585680333e+01 2.523642809616760636e-25
2.539076056163837691e+01 2.518171022443147106e-25
2.556693769207162603e+01 2.512784270226620604e-25
2.574433725068747236e+01 2.507480480393205724e-25
2.592296771946456246e+01 2.502257640946149941e-25
2.610283763923488465e+01 2.497113798383306686e-25
2.628395561009211789e+01 2.492047056280164160e-25
2.646633029180280161e+01 2.487055573334917866e-25
2.664997040422045060e+01 2.482137561993823179e-25
2.683488472770237721e+01 2.477291286384645977e-25
2.702108210352958650e+01 2.472515061291404727e-25
2.720857143432946046e+01 2.467807250320073085e-25
2.739736168450142983e+01 2.463166264524465566e-25
2.758746188064564109e+01 2.458590560891266858e-25
2.777888111199438370e+01 2.454078641118987983e-25
2.797162853084689971e+01 2.449629050078613276e-25
2.816571335300678314e+01 2.445240374654208019e-25
2.836114485822271192e+01 2.440911242371342903e-25
2.855793239063217115e+01 2.436640320360037555e-25
2.875608535920806474e+01 2.432426313848847127e-25
2.895561323820880162e+01 2.428267965231381565e-25
2.915652556763112102e+01 2.424164052922535830e-25
2.935883195366627163e+01 2.420113390215078741e-25
2.956254206915940230e+01 2.416114824229228925e-25
2.976766565407184473e+01 2.412167234887440529e-25
2.997421251594705538e+01 2.408269533949473889e-25
3.018219253037934635e+01 2.404420664002861698e-25
3.039161564148614758e+01 2.400619597553293105e-25
3.060249186238350916e+01 2.396865336175112422e-25
3.081483127566470870e+01 2.393156909431803882e-25
3.102864403388251446e+01 2.389493374309703668e-25
3.124394036003446828e+01 2.385873814148969074e-25
3.146073054805171409e+01 2.382297337978787777e-25
3.167902496329126549e+01 2.378763079699659424e-25
3.189883404303140679e+01 2.375270197233751992e-25
3.212016829697096654e+01 2.371817872045796463e-25
3.234303830773163213e+01 2.368405308160576501e-25
3.256745473136400904e+01 2.365031731636846977e-25
3.279342829785717583e+01 2.361696389841754114e-25
3.302096981165151846e+01 2.358398550885506729e-25
3.325009015215560737e+01 2.355137502833074571e-25
3.348080027426610883e+01 2.351912553295905156e-25
3.371311120889170354e+01 2.348723028717377939e-25
3.394703406348055807e+01 2.345568273854423250e-25
3.418258002255118555e+01 2.342447651194595559e-25
3.441976034822749142e+01 2.339360540469055608e-25
3.465858638077703091e+01 2.336306338100112403e-25
3.489906953915329524e+01 2.333284456710786764e-25
3.514122132154175659e+01 2.330294324637202954e-25
3.538505330590944453e+01 2.327335385488220028e-25
3.563057715055874297e+01 2.324407097640304917e-25
3.587780459468464045e+01 2.321508933832671514e-25
3.612674745893606598e+01 2.318640380745946762e-25
3.637741764598116134e+01 2.315800938549495129e-25
3.662982714107614868e+01 2.312990120542885022e-25
3.688398801263866744e+01 2.310207452749305956e-25
3.713991241282458589e+01 2.307452473532143419e-25
3.739761257810909711e+01 2.304724733264310471e-25
3.765710082987187235e+01 2.302023793924262485e-25
3.791838957498595164e+01 2.299349228804846474e-25
3.818149130641122468e+01 2.296700622158585116e-25
3.844641860379156384e+01 2.294077568858820299e-25
3.871318413405634118e+01 2.291479674144404932e-25
3.898180065202618039e+01 2.288906553257332021e-25
3.925228100102253848e+01 2.286357831196549411e-25
3.952463811348211919e+01 2.283833142418425919e-25
3.979888501157492442e+01 2.281332130556724707e-25
4.007503480782702354e+01 2.278854448174264024e-25
4.035310070574752928e+01 2.276399756495927542e-25
4.063309600045972303e+01 2.273967725169381007e-25
4.091503407933696224e+01 2.271558032016158086e-25
4.119892842264259514e+01 2.269170362800557729e-25
4.148479260417452963e+01 2.266804411011656541e-25
4.177264029191434958e+01 2.264459877632925206e-25
4.206248524868058780e+01 2.262136470950397454e-25
4.235434133278702973e+01 2.259833906320223400e-25
4.264822249870512394e+01 2.257551905997358229e-25
4.294414279773126708e+01 2.255290198928383155e-25
4.324211637865862912e+01 2.253048520564392896e-25
4.354215748845361134e+01 2.250826612693528131e-25
4.384428047293715025e+01 2.248624223252240245e-25
4.414849977747045529e+01 2.246441106165013130e-25
4.445482994764580553e+01 2.244277021179432146e-25
4.476328562998200056e+01 2.242131733703854316e-25
4.507388157262457895e+01 2.240005014660011444e-25
4.538663262605113857e+01 2.237896640324292658e-25
4.570155374378115454e+01 2.235806392198187943e-25
4.601865998309111916e+01 2.233734056853700075e-25
4.633796650573440701e+01 2.231679425812472119e-25
4.665948857866618482e+01 2.229642295397951103e-25
4.698324157477347285e+01 2.227622466627260450e-25
4.730924097361000236e+01 2.225619745075896441e-25
4.763750236213646616e+01 2.223633940759310020e-25
4.796804143546572874e+01 2.221664868028156013e-25
4.830087399761322331e+01 2.219712345442529002e-25
4.863601596225270640e+01 2.217776195671978813e-25
4.897348335347697201e+01 2.215856245391590845e-25
4.931329230656412221e+01 2.213952325178566438e-25
4.965545906874899629e+01 2.212064269410524712e-25
4.999999999999999289e+01 2.210191916178587154e-25
5.034693157380139894e+01 2.208335107185179861e-25
5.069627037794075619e+01 2.206493687665193231e-25
5.104803311530231724e+01 2.204667506290591971e-25
5.140223660466548239e+01 2.202856415093240676e-25
5.175889778150880716e+01 2.201060269381744957e-25
5.211803369882010628e+01 2.199278927658265926e-25
5.247966152791137517e+01 2.197512251551622168e-25
5.284379855924019154e+01 2.195760105735890435e-25
5.321046220323622578e+01 2.194022357863856593e-25
5.357966999113354944e+01 2.192298878494011450e-25
5.395143957580922489e+01 2.190589541028823994e-25
5.432578873262691133e+01 2.188894221642858067e-25
5.470273536028711447e+01 2.187212799229291055e-25
5.508229748168283635e+01 2.185545155329172998e-25
5.546449324476112963e+01 2.183891174081903844e-25
5.584934092339118195e+01 2.182250742162586485e-25
5.623685891823758709e+01 2.180623748726315675e-25
5.662706575764056538e+01 2.179010085361489317e-25
5.701998009850164806e+01 2.177409646030376211e-25
5.741562072717555054e+01 2.175822327024017473e-25
5.781400656036881713e+01 2.174248026912406696e-25
5.821515664604383034e+01 2.172686646497371001e-25
5.861909016432991848e+01 2.171138088768347644e-25
5.902582642844026850e+01 2.169602258857515495e-25
5.943538488559515542e+01 2.168079063998232127e-25
5.984778511795219202e+01 2.166568413482770205e-25
6.026304684354212071e+01 2.165070218624700283e-25
6.068118991721201638e+01 2.163584392719145326e-25
6.110223433157442230e+01 2.162110851005710391e-25
6.152620021796307270e+01 2.160649510632101535e-25
6.195310784739583454e+01 2.159200290621093508e-25
6.238297763154347564e+01 2.157763111836140571e-25
6.281583012370606411e+01 2.156337896948491585e-25
6.325168601979518002e+01 2.154924570406047675e-25
6.369056615932391452e+01 2.153523058403551508e-25
6.413249152640305795e+01 2.152133288853390494e-25
6.457748325074419427e+01 2.150755191356464733e-25
6.502556260867048366e+01 2.149388697176155319e-25
6.547675102413337811e+01 2.148033739211098335e-25
6.593107006973741591e+01 2.146690251969364382e-25
6.638854146777151755e+01 2.145358171546075975e-25
6.684918709124731606e+01 2.144037435596815652e-25
6.731302896494554489e+01 2.142727983317258246e-25
6.778008926646843690e+01 2.141429755419450688e-25
6.825039032730067845e+01 2.140142694111987941e-25
6.872395463387690029e+01 2.138866743078861448e-25
6.920080482865657245e+01 2.137601847459649295e-25
6.968096371120716981e+01 2.136347953830560450e-25
7.016445423929364722e+01 2.135105010186984638e-25
7.065129952997666862e+01 2.133872965925440240e-25
7.114152286071765730e+01 2.132651771825944172e-25
7.163514767049153420e+01 2.131441380037548711e-25
7.213219756090792600e+01 2.130241744061299587e-25
7.263269629733905219e+01 2.129052818735943162e-25
7.313666781005647977e+01 2.127874560223234127e-25
7.364413619537515387e+01 2.126706925995127210e-25
7.415512571680521603e+01 2.125549874819365425e-25
7.466966080621266144e+01 2.124403366747679217e-25
7.518776606498691706e+01 2.123267363103767030e-25
7.570946626521758560e+01 2.122141826471621636e-25
7.623478635087872135e+01 2.121026720684059425e-25
7.676375143902112086e+01 2.119922010813618588e-25
7.729638682097392177e+01 2.118827663161185291e-25
7.783271796355309391e+01 2.117743645247248637e-25
7.837277051027973584e+01 2.116669925802875081e-25
7.891657028260588902e+01 2.115606474761095169e-25
7.946414328114889258e+01 2.114553263248357793e-25
8.001551568693507477e+01 2.113510263578092981e-25
8.057071386265099022e+01 2.112477449242567921e-25
8.112976435390434915e+01 2.111454794905997007e-25
8.169269389049308927e+01 2.110442276399148800e-25
8.225952938768311640e+01 2.109439870712600247e-25
8.283029794749575103e+01 2.108447555991316554e-25
8.340502686000294830e+01 2.107465311529921658e-25
8.398374360463265020e+01 2.106493117767306104e-25
8.456647585148242285e+01 2.105530956283121684e-25
8.515325146264220280e+01 2.104578809792832424e-25
8.574409849352703361e+01 2.103636662144727633e-25
8.633904519421778900e+01 2.102704498316409655e-25
8.693812001081251140e+01 2.101782304411723807e-25
8.754135158678624862e+01 2.100870067658512087e-25
8.814876876436026976e+01 2.099967776405915500e-25
8.876040058588178283e+01 2.099075420122956123e-25
8.937627629521176686e+01 2.098192989396275195e-25
8.999642533912381737e+01 2.097320475929706540e-25
9.062087736871187360e+01 2.096457872542605622e-25
9.124966224080760924e+01 2.095605173169436744e-25
9.188281001940860904e+01 2.094762372859486521e-25
9.252035097711508627e+01 2.093929467776908419e-25
9.316231559657798300e+01 2.093106455200739747e-25
9.380873457195606591e+01 2.092293333525793836e-25
9.445963881038331067e+01 2.091490102263112791e-25
9.511505943344727143e+01 2.090696762041533285e-25
9.577502777867637462e+01 2.089913314608593891e-25
9.643957540103887993e+01 2.089139762832873679e-25
9.710873407445130567e+01 2.088376110705590147e-25
9.778253579329744127e+01 2.087622363342892817e-25
9.846101277395865736e+01 2.086878526988520953e-25
9.914419745635355241e+01 2.086144609016669745e-25
9.983212250548965017e+01 2.085420617934799560e-25
1.005248208130249452e+02 2.084706563387521959e-25
1.012223254988401777e+02 2.084002456159603636e-25
1.019246699126232016e+02 2.083308308180579776e-25
1.026318876354625900e+02 2.082624132528162068e-25
1.033440124814540866e+02 2.081949943433467819e-25
1.040610784993169489e+02 2.081285756285241173e-25
1.047831199740216306e+02 2.080631587634988552e-25
1.055101714284298140e+02 2.079987455202312461e-25
1.062422676249441338e+02 2.079353377880313710e-25
1.069794435671710602e+02 2.078729375741707661e-25
1.077217345015942129e+02 2.078115470044509762e-25
1.084691759192592002e+02 2.077511683238779486e-25
1.092218035574714037e+02 2.076918038973293098e-25
1.099796534015037253e+02 2.076334562102168670e-25
1.107427616863179480e+02 2.075761278692498067e-25
1.115111648982969115e+02 2.075198216031842103e-25
1.122848997769886807e+02 2.074645402635961253e-25
1.130640033168639604e+02 2.074102868257333393e-25
1.138485127690839818e+02 2.073570643893305122e-25
1.146384656432825437e+02 2.073048761795497551e-25
1.154338997093584709e+02 2.072537255478516442e-25
1.162348529992823813e+02 2.072036159730004979e-25
1.170413638089146957e+02 2.071545510620454556e-25
1.178534706998363788e+02 2.071065345513821878e-25
1.186712125011934233e+02 2.070595703078090960e-25
1.194946283115525034e+02 2.070136623297036799e-25
1.203237575007711939e+02 2.069688147481792048e-25
1.211586397118800136e+02 2.069250318283264101e-25
1.219993148629774993e+02 2.068823179705148175e-25
1.228458231491396191e+02 2.068406777117455606e-25
1.236982050443406962e+02 2.068001157270776810e-25
1.245565013033894104e+02 2.067606368311272059e-25
1.254207529638770353e+02 2.067222459796482333e-25
1.262910013481392184e+02 2.066849482711941447e-25
1.271672880652325262e+02 2.066487489488949660e-25
1.280496550129229547e+02 2.066136534023401102e-25
1.289381443796900157e+02 2.065796671695575930e-25
1.298327986467436119e+02 2.065467959391912687e-25
1.307336605900545976e+02 2.065150455527692589e-25
1.316407732824011134e+02 2.064844220072004772e-25
1.325541800954269434e+02 2.064549314574736749e-25
1.334739247017160153e+02 2.064265802195145346e-25
1.344000510768803451e+02 2.063993747734650934e-25
1.353326035016620494e+02 2.063733217670995866e-25
1.362716265640515019e+02 2.063484280197497725e-25
1.372171651614182508e+02 2.063247005265349904e-25
1.381692645026584785e+02 2.063021464632067581e-25
1.391279701103562729e+02 2.062807731914817743e-25
1.400933278229597363e+02 2.062605882651037039e-25
1.410653837969736628e+02 2.062415994367507917e-25
1.420441845091651771e+02 2.062238146659028125e-25
1.430297767587870794e+02 2.062072421278938236e-25
1.440222076698148612e+02 2.061918902244284777e-25
1.450215246931995523e+02 2.061777675957700158e-25
1.460277756091373931e+02 2.061648831351252655e-25
1.470410085293531779e+02 2.061532460055633560e-25
1.480612718994017030e+02 2.061428656602233617e-25
1.490886145009836525e+02 2.061337518664187550e-25
1.501230854542774296e+02 2.061259147348402449e-25
1.511647342202889490e+02 2.061193647550002374e-25
1.522136106032151304e+02 2.061141128386375284e-25
1.532697647528263190e+02 2.061101703734134952e-25
1.543332471668637140e+02 2.061075492896956961e-25
1.554041086934531677e+02 2.061062621445029521e-25
1.564824005335376569e+02 2.061063222278615969e-25
1.575681742433239378e+02 2.061077436990402892e-25
1.586614817367487831e+02 2.061105417626085089e-25
1.597623752879606513e+02 2.061147328985784684e-25
1.608709075338185528e+02 2.061203351668601928e-25
1.619871314764099282e+02 2.061273686148592954e-25
1.631111004855834778e+02 2.061358558308619057e-25
1.642428683015021704e+02 2.061458227064712559e-25
1.653824890372121104e+02 2.061572995040912515e-25
1.665300171812293968e+02 2.061703223785902249e-25
1.676855076001465932e+02 2.061849355894137499e-25
1.688490155412545448e+02 2.062011947881537706e-25
1.700205966351852851e+02 2.062191720265230720e-25
1.712003068985712559e+02 2.062389636013330428e-25
1.723882027367231728e+02 2.062607027428758038e-25
1.735843409463281262e+02 2.062845809067242125e-25
1.747887787181637407e+02 2.063108850743132595e-25
1.760015736398339357e+02 2.063400665144807157e-25
1.772227836985217664e+02 2.063728755645576575e-25
1.784524672837614503e+02 2.064106465304167039e-25
1.796906831902314536e+02 2.064559601498019441e-25
1.809374906205640059e+02 2.065143887002015646e-25
1.821929491881772094e+02 2.065999540118621603e-25
1.834571189201246852e+02 2.067571553825111568e-25
1.847300602599650858e+02 2.071981932467838303e-25
1.860118340706534639e+02 2.107158845578321293e-25
1.873025016374496374e+02 2.209641542487630664e-25
1.886021246708498609e+02 2.075792310797392176e-25
1.899107653095367994e+02 2.069789980567836755e-25
1.912284861233499385e+02 2.068645008411870917e-25
1.925553501162786176e+02 2.068482752135060637e-25
1.938914207294728271e+02 2.068652077302613635e-25
1.952367618442779644e+02 2.068970460712839449e-25
1.965914377852884911e+02 2.069370889462696446e-25
1.979555133234229061e+02 2.069824207920875517e-25
1.993290536790221097e+02 2.070316162837840627e-25
2.007121245249660717e+02 2.070839176872203706e-25
2.021047919898154817e+02 2.071388967083748350e-25
2.035071226609719020e+02 2.071963003631042863e-25
2.049191835878630457e+02 2.072559747976579630e-25
2.063410422851477790e+02 2.073178250946205367e-25
2.077727667359437476e+02 2.073817928911991863e-25
2.092144253950791892e+02 2.074478433389670622e-25
2.106660871923644152e+02 2.075159572073841081e-25
2.121278215358888133e+02 2.075861259403765622e-25
2.135996983153390261e+02 2.076583484704897594e-25
2.150817879053397235e+02 2.077326291127984791e-25
2.165741611688201260e+02 2.078089761408181307e-25
2.180768894604002526e+02 2.078874008041009159e-25
2.195900446298042823e+02 2.079679166381410693e-25
2.211136990252950341e+02 2.080505389718511745e-25
2.226479254971327464e+02 2.081352845708240567e-25
2.241927974010595221e+02 2.082221713755340735e-25
2.257483886018050612e+02 2.083112183070410775e-25
2.273147734766199335e+02 2.084024451210914090e-25
2.288920269188310215e+02 2.084958722976739573e-25
2.304802243414216605e+02 2.085915209566042377e-25
2.320794416806390643e+02 2.086894127925616607e-25
2.336897553996231522e+02 2.087895700247731389e-25
2.353112424920640535e+02 2.088920153578607684e-25
2.369439804858827756e+02 2.089967719511575229e-25
2.385880474469372530e+02 2.091038633947282254e-25
2.402435219827566755e+02 2.092133136904407367e-25
2.419104832462978152e+02 2.093251472371676760e-25
2.435890109397315086e+02 2.094393888190727108e-25
2.452791853182525017e+02 2.095560635966137554e-25
2.469810871939160108e+02 2.096751970993718582e-25
2.486947979395033599e+02 2.097968152206851617e-25
2.504203994924105814e+02 2.099209442135366010e-25
2.521579743585679125e+02 2.100476106875270056e-25
2.539076056163837620e+02 2.101768416067285828e-25
2.556693769207162745e+02 2.103086642883039871e-25
2.574433725068748231e+02 2.104431064016653366e-25
2.592296771946456033e+02 2.105801959681737733e-25
2.610283763923487186e+02 2.107199613612622930e-25
2.628395561009211860e+02 2.108624313068150720e-25
2.646633029180280232e+02 2.110076348839811753e-25
2.664997040422045984e+02 2.111556015261204621e-25
2.683488472770237649e+02 2.113063610219988253e-25
2.702108210352957371e+02 2.114599435171478153e-25
2.720857143432946259e+02 2.116163795154076148e-25
2.739736168450143055e+02 2.117756998805860465e-25
2.758746188064563967e+02 2.119379358381962846e-25
2.777888111199438299e+02 2.121031189773601915e-25
2.797162853084688550e+02 2.122712812527636329e-25
2.816571335300678243e+02 2.124424549866750223e-25
2.836114485822271263e+02 2.126166728711569034e-25
2.855793239063216902e+02 2.127939679701735286e-25
2.875608535920806617e+02 2.129743737219110371e-25
2.895561323820878670e+02 2.131579239411591627e-25
2.915652556763112102e+02 2.133446528217226958e-25
2.935883195366627092e+02 2.135345949389653268e-25
2.956254206915940017e+02 2.137277852524596973e-25
2.976766565407184544e+02 2.139242591087510053e-25
2.997421251594703904e+02 2.141240522442635992e-25
3.018219253037934777e+02 2.143272007884045578e-25
3.039161564148614616e+02 2.145337412669144005e-25
3.060249186238351058e+02 2.147437106054495900e-25
3.081483127566470444e+02 2.149571461336004273e-25
3.102864403388250025e+02 2.151740855893290934e-25
3.124394036003446899e+02 2.153945671240614686e-25
3.146073054805171409e+02 2.156186293086306343e-25
3.167902496329126620e+02 2.158463111402619722e-25
3.189883404303140537e+02 2.160776520510885649e-25
3.212016829697095091e+02 2.163126919187294975e-25
3.234303830773163213e+02 2.165514710796709315e-25
3.256745473136401188e+02 2.167940303466366978e-25
3.279342829785717299e+02 2.170404110317073313e-25
3.302096981165151988e+02 2.172906549776870360e-25
3.325009015215558748e+02 2.175448046017434993e-25
3.348080027426610741e+02 2.178029029576982560e-25
3.371311120889170638e+02 2.180649938269600845e-25
3.394703406348055523e+02 2.183311218552627801e-25
3.418258002255118981e+02 2.186013327640160543e-25
3.441976034822747579e+02 2.188756736881502798e-25
3.465858638077702949e+02 2.191541937362741247e-25
3.489906953915329382e+02 2.194369449592441530e-25
3.514122132154175802e+02 2.197239841103855601e-25
3.538505330590944027e+02 2.200153760380255776e-25
3.563057715055872450e+02 2.203112007120500775e-25
3.587780459468463619e+02 2.206115691485575647e-25
3.612674745893606314e+02 2.209166639663646373e-25
3.637741764598115992e+02 2.212268603879659683e-25
3.662982714107614584e+02 2.215431806142743631e-25
3.688398801263868449e+02 2.218697785292530030e-25
3.713991241282458873e+02 2.222441035587565089e-25
3.739761257810910138e+02 2.273047786874450526e-25
3.765710082987187093e+02 2.228776697319443231e-25
3.791838957498594596e+02 2.231839280987006150e-25
3.818149130641124316e+02 2.235193581393041834e-25
3.844641860379156242e+02 2.238636201100891121e-25
3.871318413405634260e+02 2.242139899809844891e-25
3.898180065202618039e+02 2.245698101972305084e-25
3.925228100102253848e+02 2.249308860140430270e-25
3.952463811348213767e+02 2.252971662051088758e-25
3.979888501157492442e+02 2.256686541676754218e-25
4.007503480782701786e+02 2.260453773431295420e-25
4.035310070574753354e+02 2.264273750204332397e-25
4.063309600045972161e+02 2.268146929052391381e-25
4.091503407933698213e+02 2.272073804857148578e-25
4.119892842264259230e+02 2.276054896644288554e-25
4.148479260417452679e+02 2.280090740068904514e-25
4.177264029191435384e+02 2.284181883091110803e-25
4.206248524868058780e+02 2.288328883387832557e-25
4.235434133278704962e+02 2.292532306752631875e-25
4.264822249870512110e+02 2.296792726076262183e-25
4.294414279773124008e+02 2.301110720683624673e-25
4.324211637865862485e+02 2.305486875892643843e-25
4.354215748845361418e+02 2.309921782716650241e-25
4.384428047293717441e+02 2.314416037661418500e-25
4.414849977747045386e+02 2.318970242585324846e-25
4.445482994764578280e+02 2.323585004603711440e-25
4.476328562998199914e+02 2.328260936023063750e-25
4.507388157262458321e+02 2.332998654297105379e-25
4.538663262605115847e+02 2.337798781999055475e-25
4.570155374378115312e+02 2.342661946804409121e-25
4.601865998309110068e+02 2.347588781483351263e-25
4.633796650573440843e+02 2.352579923899909064e-25
4.665948857866619051e+02 2.357636017016009662e-25
4.698324157477349559e+02 2.362757708900550300e-25
4.730924097361000236e+02 2.367945652742355393e-25
4.763750236213644484e+02 2.373200506867319005e-25
4.796804143546572732e+02 2.378522934758822176e-25
4.830087399761322331e+02 2.383913605083220023e-25
4.863601596225273056e+02 2.389373191720507453e-25
4.897348335347697343e+02 2.394902373801769676e-25
4.931329230656409663e+02 2.400501835754959905e-25
4.965545906874899629e+02 2.406172267364642940e-25
4.999999999999999432e+02 2.411914363848617648e-25
5.034693157380134494e+02 2.417728825962994230e-25
5.069627037794076045e+02 2.423616360148387595e-25
5.104803311530232008e+02 2.429577678743874791e-25
5.140223660466548381e+02 2.435613500310820273e-25
5.175889778150880147e+02 2.441724550145344149e-25
5.211803369882004517e+02 2.447911561125633199e-25
5.247966152791137802e+02 2.454175275187307052e-25
5.284379855924019012e+02 2.460516446036379247e-25
5.321046220323622720e+02 2.466935844483743356e-25
5.357966999113355087e+02 2.473434269799560357e-25
5.395143957580917231e+02 2.480012576413249522e-25
5.432578873262691559e+02 2.486671745435724033e-25
5.470273536028711305e+02 2.493413114034855840e-25
5.508229748168283777e+02 2.500239339601495429e-25
5.546449324476112679e+02 2.507160903290766146e-25
5.584934092339112794e+02 2.514348173751148021e-25
5.623685891823758993e+02 2.521472994167447003e-25
5.662706575764057106e+02 2.528375922620428872e-25
5.701998009850165090e+02 2.535600312925501002e-25
5.741562072717555338e+02 2.542924782976631792e-25
5.781400656036876171e+02 2.550339641897119175e-25
5.821515664604382891e+02 2.557843784124013333e-25
5.861909016432991848e+02 2.565437470729332717e-25
5.902582642844026850e+02 2.573121318442186262e-25
5.943538488559515827e+02 2.580896067498784168e-25
5.984778511795212808e+02 2.588762511215020982e-25
6.026304684354212213e+02 2.596721470324511432e-25
6.068118991721202065e+02 2.604773782326603166e-25
6.110223433157442514e+02 2.612920296613349770e-25
6.152620021796307128e+02 2.621161872073611289e-25
6.195310784739577912e+02 2.629499375849242997e-25
6.238297763154347422e+02 2.637933682667550521e-25
6.281583012370599590e+02 2.646465674477753056e-25
6.325168601979518144e+02 2.655096240258042047e-25
6.369056615932391878e+02 2.663826275919912009e-25
6.413249152640298689e+02 2.672656684274532675e-25
6.457748325074419427e+02 2.681588375035650072e-25
6.502556260867041829e+02 2.690622264849928054e-25
6.547675102413337527e+02 2.699759277344595769e-25
6.593107006973741591e+02 2.709000343189372338e-25
6.638854146777144933e+02 2.718346400171099262e-25
6.684918709124732459e+02 2.727798393279267284e-25
6.731302896494547667e+02 2.737357274804602709e-25
6.778008926646843975e+02 2.747024004453690958e-25
6.825039032730068129e+02 2.756799549485312339e-25
6.872395463387682639e+02 2.766684884880973668e-25
6.920080482865656677e+02 2.776680993570217479e-25
6.968096371120709591e+02 2.786788866753128542e-25
7.016445423929365006e+02 2.797009504404827107e-25
7.065129952997667715e+02 2.807343916144002195e-25
7.114152286071758908e+02 2.817793122892872169e-25
7.163514767049153988e+02 2.828358160418024884e-25
7.213219756090785495e+02 2.839040087904273748e-25
7.263269629733905504e+02 2.849840012227791376e-25
7.313666781005648545e+02 2.860759173092765587e-25
7.364413619537507429e+02 2.871799359350565085e-25
7.415512571680520750e+02 2.882966778587430732e-25
7.466966080621258470e+02 2.895045907177768457e-25
7.518776606498690853e+02 2.905659339759584735e-25
7.570946626521758844e+02 2.917174652987876805e-25
7.623478635087872135e+02 2.928826953980123412e-25
7.676375143902112086e+02 2.940607177088703521e-25
7.729638682097383935e+02 2.952515387038444173e-25
7.783271796355309107e+02 2.964552470634781062e-25
7.837277051027973584e+02 2.976719487645295448e-25
7.891657028260589186e+02 2.989017558202055459e-25
7.946414328114889258e+02 3.001448622883205174e-25
8.001551568693499803e+02 3.014011430839844068e-25
8.057071386265098454e+02 3.026709574548206379e-25
8.112976435390434062e+02 3.039543440878524698e-25
8.169269389049309211e+02 3.052514228310097362e-25
8.225952938768310787e+02 3.065623148960664946e-25
8.283029794749566008e+02 3.078871426973301869e-25
8.340502686000294261e+02 3.092260298451690730e-25
8.398374360463265020e+02 3.105791011584386760e-25
8.456647585148242570e+02 3.119464826829325434e-25
8.515325146264220848e+02 3.133283017131636521e-25
8.574409849352695119e+02 3.147246868169078585e-25
8.633904519421778332e+02 3.161357678623227822e-25
8.693812001081250855e+02 3.175616760487520951e-25
8.754135158678624293e+02 3.190025439430359906e-25
8.814876876436027260e+02 3.204585055258269927e-25
8.876040058588170041e+02 3.219296962582113741e-25
8.937627629521176686e+02 3.234162531942001539e-25
8.999642533912381168e+02 3.249183152106037223e-25
9.062087736871186507e+02 3.264360235848551803e-25
9.124966224080760639e+02 3.279695238325940317e-25
9.188281001940850956e+02 3.295189736907794785e-25
9.252035097711509479e+02 3.310846020345589322e-25
9.316231559657798016e+02 3.326687705127707801e-25
9.380873457195606306e+02 3.342652286316686117e-25
9.445963881038330783e+02 3.358788630419935802e-25
9.511505943344717480e+02 3.375100107359881692e-25
9.577502777867638315e+02 3.391580431121123972e-25
9.643957540103887141e+02 3.408230630059129634e-25
9.710873407445130852e+02 3.425052164760058242e-25
9.778253579329743843e+02 3.442046586092805440e-25
9.846101277395855504e+02 3.459215483303970365e-25
9.914419745635356094e+02 3.476560471899128776e-25
9.983212250548965585e+02 3.494083190179211404e-25
1.005248208130249395e+03 3.511785298250077407e-25
1.012223254988401777e+03 3.529668477888619596e-25
1.019246699126230965e+03 3.547734432750827394e-25
1.026318876354625900e+03 3.565984888739614631e-25
1.033440124814540923e+03 3.584421594457578642e-25
1.040610784993169545e+03 3.603046321715777179e-25
1.047831199740216334e+03 3.621860866089801526e-25
1.055101714284297032e+03 3.640867047527876255e-25
1.062422676249441338e+03 3.660066711038600567e-25
1.069794435671710517e+03 3.679461727523278642e-25
1.077217345015942101e+03 3.699053994940642612e-25
1.084691759192592144e+03 3.718845440367720526e-25
1.092218035574712985e+03 3.738838025016460992e-25
1.099796534015037196e+03 3.759033761922038606e-25
1.107427616863179537e+03 3.779434816468326175e-25
1.115111648982969200e+03 3.800044989749079628e-25
1.122848997769886864e+03 3.820884629984913319e-25
1.130640033168638411e+03 3.841888513442031410e-25
1.138485127690839818e+03 3.863129653194068340e-25
1.146384656432824158e+03 3.884586895678277248e-25
1.154338997093584794e+03 3.906262014356453421e-25
1.162348529992823842e+03 3.928157172670885443e-25
1.170413638089145707e+03 3.950274616352387831e-25
1.178534706998363845e+03 3.972616638191352016e-25
1.186712125011933040e+03 3.995185571380129756e-25
1.194946283115524921e+03 4.017983788303572044e-25
1.203237575007711939e+03 4.041013700777162687e-25
1.211586397118798914e+03 4.064277760776436425e-25
1.219993148629774851e+03 4.087778461374669860e-25
1.228458231491394827e+03 4.111518337795691382e-25
1.236982050443406933e+03 4.135499968556127868e-25
1.245565013033894047e+03 4.159725976704090106e-25
1.254207529638769074e+03 4.184199031212984927e-25
1.262910013481392070e+03 4.208921848708593284e-25
1.271672880652324011e+03 4.233897196157543385e-25
1.280496550129229490e+03 4.259127897228740355e-25
1.289381443796900385e+03 4.284616859210908524e-25
1.298327986467434812e+03 4.310367334204172345e-25
1.307336605900545919e+03 4.336853430479872936e-25
1.316407732824009827e+03 4.362662571861364973e-25
1.325541800954269320e+03 4.389213378009684172e-25
1.334739247017160324e+03 4.416037964532986099e-25
1.344000510768802087e+03 4.443139140350631127e-25
1.353326035016620381e+03 4.470520121825095377e-25
1.362716265640513711e+03 4.498184223358242969e-25
1.372171651614182565e+03 4.526134832053957631e-25
1.381692645026584842e+03 4.554375404623683211e-25
1.391279701103562729e+03 4.582909468062298948e-25
1.400933278229597590e+03 4.611740621294878687e-25
1.410653837969735150e+03 4.640872537181623236e-25
1.420441845091651885e+03 4.670308964716840192e-25
1.430297767587870794e+03 4.700053731392112789e-25
1.440222076698148840e+03 4.730110745771931994e-25
1.450215246931995580e+03 4.760484000491771896e-25
1.460277756091372339e+03 4.791177576543321296e-25
1.470410085293531665e+03 4.822195653565662162e-25
1.480612718994017087e+03 4.853542571098498643e-25
1.490886145009836582e+03 4.885225355668673571e-25
1.501230854542774523e+03 4.917240384340020086e-25
1.511647342202888012e+03 4.949599211090377646e-25
1.522136106032151247e+03 4.982305356381807368e-25
1.532697647528263133e+03 5.015363046748862236e-25
1.543332471668637027e+03 5.048777112392162282e-25
1.554041086934531677e+03 5.082552528622531740e-25
1.564824005335374977e+03 5.116694394108628528e-25
1.575681742433239378e+03 5.151207930802529033e-25
1.586614817367487831e+03 5.186098487068917025e-25
1.597623752879606627e+03 5.221371541657027646e-25
1.608709075338185585e+03 5.257032708061555122e-25
1.619871314764097406e+03 5.293087739188599434e-25
1.631111004855834835e+03 5.329542532416208982e-25
1.642428683015021534e+03 5.366403135516144604e-25
1.653824890372120990e+03 5.403675756000107503e-25
1.665300171812294138e+03 5.441366797821436212e-25
1.676855076001464113e+03 5.479484094667588027e-25
1.688490155412545391e+03 5.518030431935841469e-25
1.700205966351852794e+03 5.557015931951194537e-25
1.712003068985712616e+03 5.596447301458251061e-25
1.723882027367231785e+03 5.636331461474987222e-25
1.735843409463279386e+03 5.676675833142373496e-25
1.747887787181637350e+03 5.717488060207805533e-25
1.760015736398339186e+03 5.758776001548424684e-25
1.772227836985217436e+03 5.800547736712200009e-25
1.784524672837614617e+03 5.842811573569919870e-25
1.796906831902312661e+03 5.885576056731415572e-25
1.809374906205639945e+03 5.928849976524337107e-25
1.821929491881772037e+03 5.972642378688356804e-25
1.834571189201246852e+03 6.016962575826181420e-25
1.847300602599651029e+03 6.061820168947954749e-25
1.860118340706532763e+03 6.107225289260939696e-25
1.873025016374496317e+03 6.153187807845654496e-25
1.886021246708498438e+03 6.199717259618824108e-25
1.899107653095367823e+03 6.246825977663680000e-25
1.912284861233499214e+03 6.294524515912591255e-25
1.925553501162784187e+03 6.342824320350541222e-25
1.938914207294728385e+03 6.391737213466673701e-25
1.952367618442779758e+03 6.441275392846036024e-25
1.965914377852884854e+03 6.491451443775998318e-25
1.979555133234229061e+03 6.542278354069696452e-25
1.993290536790218994e+03 6.593769529899256764e-25
2.007121245249660660e+03 6.645938812615786772e-25
2.021047919898152713e+03 6.698800497584746355e-25
2.035071226609719133e+03 6.752369365052727695e-25
2.049191835878630627e+03 6.806661219354606338e-25
2.063410422851475687e+03 6.861690148264661121e-25
2.077727667359437419e+03 6.917473845127058989e-25
2.092144253950789789e+03 6.974028961348506182e-25
2.106660871923644208e+03 7.031372765227221603e-25
2.121278215358888247e+03 7.089523235836197399e-25
2.135996983153388101e+03 7.148498971701956790e-25
2.150817879053397064e+03 7.208319207675700817e-25
2.165741611688199100e+03 7.269003837429865048e-25
2.180768894604002526e+03 7.330573437199454085e-25
2.195900446298042880e+03 7.393049290412504387e-25
2.211136990252948181e+03 7.456453414837507328e-25
2.226479254971327464e+03 7.520808618446148975e-25
2.241927974010592607e+03 7.586149056588650429e-25
2.257483886018050725e+03 7.652466980207350078e-25
2.273147734766199392e+03 7.719819725452594299e-25
2.288920269188307884e+03 7.788222645246439663e-25
2.304802243414216719e+03 7.857702620920312535e-25
2.320794416806388199e+03 7.928287447523556665e-25
2.336897553996231636e+03 8.000005834069477007e-25
2.353112424920640478e+03 8.072887417533727059e-25
2.369439804858825028e+03 8.146962775090505263e-25
2.385880474469372530e+03 8.222263433036924650e-25
2.402435219827564197e+03 8.298821875183215808e-25
2.419104832462978266e+03 8.376671675816249491e-25
2.435890109397314973e+03 8.455846818210759631e-25
2.452791853182522573e+03 8.536382695437617716e-25
2.469810871939159824e+03 8.618315703881461427e-25
2.486947979395030870e+03 8.701682723821769559e-25
2.504203994924105700e+03 8.786521532955007314e-25
2.521579743585678898e+03 8.872870614336237511e-25
2.539076056163837620e+03 8.960769049460450502e-25
2.556693769207162859e+03 9.050256388302722577e-25
2.574433725068745844e+03 9.141372488758436255e-25
2.592296771946456374e+03 9.234157326586040210e-25
2.610283763923487186e+03 9.328651701132972348e-25
2.628395561009212088e+03 9.424892020973346365e-25
2.646633029180280118e+03 9.522919836335415889e-25
2.664997040422043483e+03 9.622771617026128803e-25
2.683488472770237877e+03 9.724482979051009177e-25
2.702108210352957030e+03 9.828087216515686520e-25
2.720857143432946032e+03 9.933614544327817622e-25
2.739736168450142941e+03 1.004109122968021467e-24
2.758746188064561011e+03 1.015053856759267055e-24
2.777888111199438299e+03 1.026197168061402150e-24
2.797162853084688322e+03 1.037539942483862974e-24
2.816571335300678584e+03 1.049081590568419029e-24
2.836114485822271490e+03 1.060821222817661180e-24
2.855793239063214060e+03 1.072756056942461236e-24
2.875608535920806389e+03 1.084881823589185342e-24
2.895561323820878897e+03 1.097192331507343133e-24
2.915652556763111988e+03 1.109679109868471007e-24
2.935883195366627206e+03 1.122330998851095958e-24
2.956254206915937175e+03 1.135133681245169326e-24
2.976766565407184771e+03 1.148069158681723359e-24
2.997421251594703790e+03 1.161115097107792302e-24
3.018219253037934777e+03 1.174244233431731281e-24
3.039161564148614616e+03 1.187423576583134324e-24
3.060249186238348102e+03 1.200613565233960105e-24
3.081483127566470557e+03 1.213767199811193089e-24
3.102864403388249684e+03 1.226829087390505472e-24
3.124394036003446672e+03 1.239734459769891445e-24
3.146073054805171523e+03 1.252408191979484617e-24
3.167902496329123551e+03 1.264763921575343277e-24
3.189883404303140651e+03 1.276702939797702906e-24
3.212016829697095091e+03 1.288114138312482433e-24
3.234303830773163099e+03 1.298873121333574250e-24
3.256745473136400960e+03 1.308842586107903898e-24
3.279342829785714002e+03 1.317872972117085190e-24
3.302096981165152101e+03 1.325803901596321089e-24
3.325009015215558520e+03 1.332466535038019364e-24
3.348080027426610741e+03 1.337686996142016233e-24
3.371311120889170525e+03 1.341290903414890896e-24
3.394703406348052340e+03 1.343109227466574008e-24
3.418258002255118754e+03 1.342985136614177230e-24
3.441976034822747806e+03 1.340781777964145193e-24
3.465858638077703290e+03 1.336390619447419923e-24
3.489906953915329723e+03 1.329739754187734860e-24
3.514122132154172050e+03 1.320801540405789229e-24
3.538505330590944141e+03 1.309598869659297058e-24
3.563057715055871995e+03 1.296209124712473267e-24
3.587780459468463505e+03 1.280765932109418771e-24
3.612674745893606541e+03 1.263457197902934146e-24
3.637741764598112240e+03 1.244520484003116195e-24
3.662982714107614811e+03 1.224235352212878336e-24
3.688398801263864698e+03 1.202913426263908853e-24
3.713991241282458759e+03 1.180886942857346135e-24
3.739761257810910138e+03 1.158496676275490135e-24
3.765710082987183341e+03 1.136080090333586254e-24
3.791838957498594937e+03 1.113960678934713962e-24
3.818149130641120337e+03 1.092438664688908761e-24
3.844641860379156242e+03 1.071783882280343829e-24
3.871318413405634146e+03 1.052230693780877281e-24
3.898180065202614060e+03 1.033975002503807639e-24
3.925228100102254302e+03 1.017173176495410242e-24
3.952463811348209674e+03 1.001942567555703655e-24
3.979888501157492556e+03 9.883635328758655663e-25
4.007503480782701899e+03 9.764822224535283808e-25
4.035310070574748806e+03 9.663142745795405227e-25
4.063309600045972275e+03 9.578488562487486748e-25
4.091503407933694234e+03 9.510529029727507269e-25
4.119892842264259343e+03 9.458753093583267211e-25
4.148479260417452679e+03 9.422510015959945758e-25
4.177264029191431291e+03 9.401046250142313535e-25
4.206248524868058666e+03 9.393538888544813264e-25
4.235434133278700756e+03 9.399124701573979489e-25
4.264822249870511769e+03 9.416924611382073624e-25
4.294414279773124690e+03 9.446063873093184914e-25
4.324211637865858393e+03 9.485687114433343525e-25
4.354215748845361304e+03 9.534972071387946155e-25
4.384428047293712552e+03 9.593136571166727888e-25
4.414849977747045159e+03 9.659445251146683965e-25
4.445482994764578507e+03 9.733212878675475537e-25
4.476328562998200141e+03 9.813809025079825678e-25
4.507388157262457753e+03 9.900642665438411908e-25
4.538663262605111413e+03 9.993192164794951754e-25
4.570155374378115084e+03 1.009097240158392936e-24
4.601865998309110182e+03 1.019354787095593557e-24
4.633796650573441184e+03 1.030052682097956710e-24
4.665948857866618710e+03 1.041155837195328263e-24
4.698324157477344670e+03 1.052632905033262677e-24
4.730924097361000349e+03 1.064456067750982583e-24
4.763750236213644712e+03 1.076600654155316772e-24
4.796804143546572959e+03 1.089044906900834216e-24
4.830087399761322558e+03 1.101769711845675562e-24
4.863601596225267713e+03 1.114758351857299612e-24
4.897348335347696775e+03 1.127996285423385587e-24
4.931329230656409891e+03 1.141470938874332736e-24
4.965545906874899629e+03 1.155171517882071003e-24
4.999999999999999091e+03 1.169088839466299462e-24
